
1905
1917
1903
19141840)1905
1897
1918
1916
1902
1906
1906
1912
1897
1916
1907
1919
1919
1842
1865
1889
1902
1872
1915
1911
1966
1901
1913
1894
1907
1900
1882
1889
1881
1904
1910
1919
1878
1911
1822
1901
1907
1915
1919
1911
1915
1918
1913
1904
1895
1893
1904
1895
1902
1911
1870
1913
1898
1914
1917
1907
1895
1916
1911
1923
1909
1909
1856
1868
1862
1893
1905
1826
1916
1910
1899
1910
1911
1908
1909
1907
1949
1915
1903
1904
1907
1905
1897
1926
1885
1911
1897
1821
1865
1925
1908
1919
1921
1907
1900
1917
1907
1907
1893
1840
1865
1856
1915
1915
1903
1920
1910
1911
1901
1920
1907
1905
1911
1927
181905
1909
1920
1895
51
1857
1851
1885
1894
1904
1840
1889
1902
1904
1882
1905
1916
1887
1923
1909
1921
16
1803
1863
1887
1876
1884
1904
1885
1911
1850
1936
1900
1908
1899
1894
1916
1901
1904
1917
1914
1857
181898
1905
1919
1889
1897
1840
1837
1839
191904
1917
1906
1877

1897
1891
1889
187591
1904
1921
1915
1913
1894
1915
1936
1893
1923
1872
1911
1916
1901
1883
1914
1914
1907
1900
1888
1907
1920
1904
1904
1921
1904
1919
1892
1894
1918
1899
1899
1904
1907
1903
1884
1858
1857
1853
1840
1913
1922
1894
1897
1913
1893
1909
1906
1871
1889
1894
1890
1926
1911
1903
1930
1887
1872
1909
1911
1904
1897
1897
1910
1840
1907
1859
1902
1898
1914
1900
1910
1911
1911
1903
1899
1903
1904
1915
190
1904
1872
1815
1904
13
1925
1895
1908
1889
1925
1918
1917
1891905
1907
1909
1903
1917
1899
1829
1916
1891
1904
1891
1916
1904
1920
1895
1915
1905
1915
1904
1903
1915
1885
1915
1915
1919
1879
1918
1901
1921
1889
1941
1916
1898
1910
1899
1904
1904
1919
1904
1902
1902
1891
1915
1909
1895
1909
1914
1899
1886
1853
1851
1856
1891
1904
1904
1864
1906
1906
1903
1909
1910
1887
1917
1907
1921
1911
1908
1904
1903
1866
1901
1905
1903
1904
1903
1899
1925
1901
1868
1918
1927
1905
1904
1904
1902
1873
1904
1771
1874
1887
1862
1887
1907
1893
1905
1909
1923
1903
1922
1891
1904
1904
1904
1904
1903
1891
1904
1888
1875
1890
1920
1852
1883
1904
1904
1919
1891
1916
1919
1863
1911
1913
1862
1873
1909
1840
1903
1901
1899
1920
1891
1892
1907
1907
1899
1862
1904
1891
1905
1913
1906
1905
1909
1797
1877
1885
1888
1859
1877
1915
1888
1915
1916
1926
1911
1903
1904
1909
1893
1901
1905
1915
1919
1893
1888
1929
1909
1951
1913
1895
1879
1905
1899
1904
1903
1905
1904
1885
1904
1903
1910
1899
1905
1904
1905
1907
1840
1858
1847
1902
1886
1919
1875
1894
1906
1899
1906
1904
1910
1907
1915
1909
1890
1899
1905
1909
1916
1889
1925
1903
1917
1900
1903
1843
1873
1891
1845
1904
1846
1883
1858
1854
1862
1917
1840
1923
1851
1907
1902
1899
1887
1898
1911
1907
1908
1915
1905
1913
1898
1795
1899
1894
1856
1853
1905
1891
1873
1910
1873
1895
1907
1899
1914
1904
1857
1904
1904
1895
1921
1871
1853
1840
1903
1899
1913
1904
1906
1847
1897
1890
1902
1904
1818
1900
1920
1859
1871
1874
1893
1894
1840
1918
1855
1915
1903
1915
1890
1892
1918
1877
1878
1874
1874
1879
1919
1808
1891
1905
1879
1904
1910
1903
1899
1901
1886
1915
1865
1901
1915
1918
1899
1893
1918
1915
1894
1891
1903
1901
1903
1901
1904
1887
1908
1898
1919
1890
1905
1906
1915
1872
1881
1906
1903
1877
1901
1898
1899
1872
1893
1899
1902
1857
1920
1915
1919
1918
1921
1918
1897
1919
1914
1898
1898
1902
1908
1917
1904
1895
1915
1904
1891
1856
1949
1909
1907
1887
1899
1926
1865
1918
1920
1919
1890
1904
1904
1904
1843
1893
1907
1899
1902
1910
1906
1890
1920
1904
1907
1906
1904
1898
1904
1907
1891
1891
1904
1915
1914
1885
1899
1903
1905
1899
1895
1899
1904
1904
1921
1895
1885
1807
1904
1929
1889
1897
1872
1863
1904
1904
1914
1904
1902
1902
1903
1909
1916
1919
1919
1910
1911
1905
1904
1894
1903
1904
1861
1907
1909
1890
1918
1875
1917
1859
1814
1887
1893
1870
1870
1849
1911
1906
1910
1904
1904
1893
1910
1904
1915
1902
1904
1905
1900
1905
1901
1909
1893
1919
1835
1891
1892
1907
1898
1890
1918
1904
1909
1901
1959
1883
1905
1906
1905
1873
1886
1904
1905
1912
1931
1903
1900
1895
1872
1890
1921
1914
1910
1904
1904
1876
1899
1897
2123
2109
2124
1925
1898
1895
1915
1904
1887
1893
1872
1909
1917
1806
1917
1918
1914
1869
1904
1923
1864
1835
1904
1911
1872
1902
1920
1902
1904
1922
1890
1901
1904
1901
1910
1911
1918
1921
1899
1904
1915
1862
1840
1904
1919
1915
1926
1904
1907
1910
1919
1899
1904
1914
1897
1904
1888
1856
1911
1905
1918
1904
1915
1883
1906
1914
1906
1901
1923
1921
1902
1847
1895
1894
1908
2098
2126
2115
2139
1919
1883
1881
1919
1917
1892
1909
1923
1909
1888
1904
1895
1887
1875
1890
1806
1890
1897
1907
1910
1911
1895
1882
1921
1901
1814
1911
1926
1910
1918
1904
1919
1914
1901
1943
1899
1914
1903
1902
1902
1886
1901
1918
1904
1904
1903
1906
1911
1909
1906
1919
1903
1933
1885
1894
1888
1904
1903
1892
1905
1903
1919
1913
1917
1871
1888
1918
1909
1915
1920
1901
1918
1920
1908
2092
2096
2108
2377
1905
1893
1904
1917
1873
1859
1902
1912
1891
1858
1919
1869
1887
1913
1891
1898
1917
1904
1901
1872
1887
1890
1904
1904
1906
1907
1904
1902
1888
1859
1913
1913
1904
1911
1898
1910
1810
1946
1865
1924
1903
1907
1882
1872
1919
1908
1879
1885
1879
1894
1907
1911
1905
1931
1929
1910
1909
1893
1889
1926
1943
1921
1890
1891
1902
1915
1851
1909
1911
1908
1914
1906
1901
1894
1914
1898
1917
1902
1898
1914
1904
1893
1907
1904
1828
1913
1927
1898
1891
1886
1920
1911
1930
1968
1914
1867
1904
1905
1904
1890
1919
1897
1922
1891
1913
1926
1917
1791
1881
1899
1899
1903
1906
1873
1891
1903
1904
1904
1866
1903
1907
1898
1923
1896
1911
1904
1922
1926
1919
1917
1904
1905
1906
1911
1904
1911
1905
1917
1909
1921
1918
1857
1905
1890
1898
1905
1904
1904
1918
1893
1894
1903
1922
1913
1905
1905
1902
1901
1905
1921
1893
1919
1894
1921
1900
1894
1889
1919
1904
1918
1903
1910
1911
1808
1947
1919
1908
1925
1915
1931
1899
1902
1921
1904
1911
1891
1911
1905
1891
1899
1918
1911
1904
1910
1902
1855
1808
1878
1909
1926
1894
1909
1905
1920
1917
1894
1904
1919
1920
1904
1904
1915
1905
1921
1897
1899
1909
1923
1931
1905
1909
1803
1897
1923
1908
1920
1903
1894
1883
1840
1936
1878
1889
1887
1877
1904
1908
1903
1918
1901
1904
1887
1898
1903
1922
1901
1923
1910
1902
1887
1911
1908
1920
1920
1909
1854
1923
1910
1886
1898
1920
1884
1911
1904
1913
1915
1921
1903
1905
1904
1910
1923
1906
1908
1893
1917
1904
1849
1878
1919
1904
1908
1921
1913
1913
1803
1919
1910
1927
1922
1915
1919
1919
1908
1905
1917
1904
1893
1894
1909
1856
1911
1910
1917
1907
1899
1892
1913
1882
1879
1920
1963
1915
1907
1923
1904
1906
1933
1904
1903
1879
1846
1868
1871
1907
1919
1857
1895
1916
1887
1891
1889
1875
1869
1904
1855
1866
1918
1893
1898
1900
1920
1920
1895
1925
1923
1900
1914
1920
1917
1911
1918
1918
1819
1902
1850
1910
1903
1792
1899
1920
1924
1914
1899
1921
1915
1902
1915
1872
1837
1913
1891
1898
1915
1923
1890
1904
1920
1915
1913
1903
1898
1906
1919
1902
1903
1904
1911
1904
1915
1910
1910
1802
1858
1911
1891
1854
1855
1903
1919
1923
1872
1868
1911
1904
1904
1906
1913
1895
1889
1906
1905
1913
1902
1894
1872
1843
1884
1889
1932
1909
1902
1906
1907
1905
1909
1904
1911
1918
1918
1916
1920
1911
1911
1907
1895
1914
1910
1908
1821
1910
1902
1914
1902
1915
1904
1904
1801
1959
1899
1917
1904
1916
1907
1890
1918
1911
1895
1889
1906
1921
1910
1910
1893
1919
1903
1902
1911
1904
1902
1898
1901
1901
1878
1916
1859
1893
1920
1936
1905
1920
1923
1924
1919
1890
1911
1899
1895
1914
1904
1909
1920
1908
1909
1911
1872
1872
1927
1875
1904
1904
1903
1904
1912
1872
1901
1899
1904
1908
1904
1904
1921
1913
1916
1911
1909
1905
1903
1899
1920
1902
1917
1919
1900
1909
1907
1911
1905
1933
1863
1867
1904
1886
1904
1885
1901
1902
1915
1903
1905
1903
1911
1911
1904
1914
1903
1909
1871
1897
1908
1890
1907
1905
1887
1903
1862
1860
1846
1854
1871
1898
1904
1887
1904
1932
1895
1887
1899
1883
1923
1895
1863
1910
1905
1898
1904
1811
1871
1898
1899
1879
1874
1872
1904
1872
1953
1908
1911
1904
1911
1914
1919
1920
1921
1894
1920
1909
1910
1915
1888
1919
1919
1902
1919
1904
1904
1925
1919
1918
1920
1872
1913
1907
1902
1915
1894
1919
1911
1917
1934
1899
1891
1919
1914
1909
1903
1937
1904
1917
1913
1914
1923
1918
1911
1909
1908
1904
1869
1873
1917
1914
1856
1922
1962
1924
1907
1905
1920
1894
1894
1917
1910
1910
1901
1918
1919
1910
1907
1907
1918
1906
1919
1923
1904904
1919
1919
1920
1887
1892
1902
1879
1885
1877
1914
1904
1916
1915
1904
1909
1909
1915
1904
1904
1885
1910
1909
1915
1904
1903
1917
1927
1915
1909
1907
1904
1923
1857
1904
1889
1907
1919
1913
1900
1904
1827
1899
1907
1872
1911
1908
1903
1933
1920
1889
1905
1875
1909
1907
1910
1915
1907
1842
1922
1922
1894
1918
1926
1917
1909
1903
1899
1907
1902
1904
1917
1895
1913
1919
1871
1911
1904
1923
1906
1913
1929
1906
1921
1906
1914
1909
1904
1888
1909
1891
1903
1917
1899
1909
1917
1914
1920
1907
1895
1
1895
1878
1869
1907
1918
1910
1925
1895
1894
1904
1882
1855
1947
1920
1898
1923
1899
1905
1908
1905
1870
1896
1909
1877
1865
1891
1850
1923
1904
1895
1857
1854
1857
1891
1930
1915
1918
1907
1910
1918
1904
1914
1894
1901
1904
1910
1867
1867
1850
1936
1883
1917
1917
1898
1915
1897
1906
1914
1905
1825
1890
1902
1902
1888
1927
1920
1904
1917
1910
1904
1895
1920
1918
1924
1906
1920
1871
1909
1874
1917
1904
1915
1901
1935
1904
1901
1911
1907
1898
1897
1935
1889
1908
1884
1904
1918
1908
1907
1909
1927
1894
1907
1903
1904
1935
1906
1906
1904
1925
1895
1923
1894
1909
1915
1917
1910
1856
1872
1909
1894
1894
1905
1904
1935
1870
1889
1920
1923
1872
1867
1856
1914
1930
1903
1917
1908
1903
1919
1907
1910
1889
1915
1891
1889
1910
1921
1909
1891
1914
1895
1907
1922
1920
1911
1914
1901
1925
1911
1913
1903
1904
1907
1921
1926
1860
1919
1899
1920
1904
1904
1903
1909
1914
1910
1882
1911
1903
1919
1887
1914
1897
1905
1907
1904
1887
1905
1904
1899
1907
1902
1909
1904
1906
1917
1888
1903
1902
1889
1917
1917
1830
1923
1920
1904
1888
1904
1915
1903
1808
1927
1921
1851
1926
1903
1895
1902
1919
1884
1911
1895
1918
1915
1915
1919
1917
1915
1919
1927
1889
1889
1920
1906
1904
1933
1871
1887
1904
1891
1899
1891
1920
1911
1911
1907
1907
1902
1904
1920
1904
1910
1904
1904
1909
1918
1915
1919
1910
1899
1893
1911
1890
1905
1904
1877
1865
1869
1909
1947
1906
1919
1917
1904
1906
1911
1908
1905
1896
1886
1911
1904
1921
1827
1925
1899
1846
1856
1872
1906
1885
1905
1952
1905
1928
1903
1908
1931
1901
1919
1899
1826
1919
1913
1899
1909
1899
1893
1918
1902
1910
1904
1906
1891
1911
1919
1821
1885
1918
1914
1926
1915
1904
1921
1901
1893
1901
1914
1917
1903
1917
1910
1904
1898
1920
1901
1905
1917
1911
1833
1904
1904
1938
1904
1904
1915
1913
1905
1849
1840
1946
1903
1917
1933
1917
1905
1922
1909
1913
1926
1914
1910
1909
1919
1930
1901
1911
1903
1907
1900
1926
1917
1917
1936
1925
1904
1905
1899
1899
1903
1919
1922
1908
1913
1900
1894
1894
1847
1902
1809
1917
1912
1904
1906
1924
1903
1897
1922
1921
1899
1840
1906
1915
1909
1875
1806
1962
1888
1929
1908
1902
1921
1894
1904
1919
1890
1918
1906
1920
1915
1919
1919
1915
1905
1904
1923
1902
1902
1920
1917
1858
1815
1904
1858
1871
1873
1890
1911
1919
1863
1931
1877
1857
1853
1869
1913
1915
1914
1909
1916
1902
1894
1933
1810
1899
1903
11909
1919
1904
1895
1916
1927
1919
1825
1902
1899
1910
1919
1897
1901
1920
1902
1921
1904
1917
1913
1893
1914
1921
1911
1902
1904
1902
1920
1893
1904
1902
1915
1918
1902
1872
1863
1861
1853
1856
1922
1919
1913
1914
1904
1910
1927
1926
1900
1904
1919
19
1905
1881
1909
1907
1910
1904
1911
1909
1907
1913
1917
1923
1903
1904
1962
1921
1905
1913
1913
1910
1903
1934
1907
1900
1911
1913
1901
1898
1916

1837
1923
1918
1904
1919
1921
1898
1898920
1908
1901
1899
1921
1907
1917
1930
1916
1907
1911
1915
1905
1898
1886
1911
192506
1911
1902
1918
1923
1927
1909
1919
1878
1916
1915
1908
1900
1919
1909
1903
1884
1902
1916
1903
1902
1887
1913
1907
1890
1918
1915
1919
1913
1898
1910
1886
1903
1904
1903
1908
1913
1910
1920
1924
1915
1935
1909
1923
1903
1904
1904
1907
1911
1900
1887
1895
1919
1916
1904
1913
1910
1910
1895
1923
1913
1902
1893
1936
1968
1907
1902
1904
1923
1909
1905
1906
1927
1905
1925
1899
1915
1929
1911
1904
1903
1923
1921
1914
1917
1907
1903
1923
1826
1874
1918
1872
1892
1854
1906
1895
1825
1903
1923
1911
1917
1905
1907
1920
1920
1916
1920
1927
1906
1920
1925
1805
1877
1857
1892
1918
1889
1893
1919
1920
1926
1913
1904
1915
1927
1907
1913
1906
1921
1899
1909
1926
1904
1927
1904
1909
1907
1905
1914
1917
1915
1902
1925
1923
1809
1869
1901
1871
1858
1870
1916
1905
1903
1863
1904
1905
1884
1875
1874
1905
1911
1926
1920
1915
1906
1906
1906
1803
1890
1922
1917
1921
1919
1915
1909
1905
1887
1835
1869
1886
1883
1904
1898
1854
1874
1921
1918
1903
1904
1904
1931
1920
1903
1921
1923
1878
1869
1851
1909
1907
1914
1968
1936
1899
1907
1934
1917
1919
1917
1915
1904
1915
1913
1911
1907
1921
1926
1902
1901
1901
1921
1915
1905
1918
1911
1809
1870
1924
1909
1906
1904
1904
1903
1795
1930
1873
1908
1904
1919
1899
1918
1922
1892
1919
1894
1911
1921
1915
1822
1885
1903
1895
1868
1856
1860
1908
1907
1905
1888
1871
1905
1914
1921
1889
1915
1898
1906
1899
1909
1904
1922
1911
1899
1915
1913
1897
1911
1898
1901
1906
1903
1773
1866
1923
1907
1904
1892
1904
1899
1825
1904
1897
1930
1909
1919
1895
1910
1919
1895
1916
1904
1917
1898
1918
1904
1922
1904
1895
1915
1905
1906
1911
1909
1853
1923
1927
1927
1911
1888
1904
1907
1919
1926
1910
1915
1921
1936
1920
1917
1910
1919
1911
1930
1907
1907
1926
1915
1909
1960
1911
1899
1884
1902
1922
1915
1929
1923
1920
1876
1904
1862
1882
1858
1871
1913
1923
1904
1914
1905
1910
1905
1914
1806
1879
1874
1922
1874
1870
1872
1925
1917
1907
1914
1920
1895
1906
1904
1904
1901
1920
1912
1922
1915
1898
1923
1921
1899
1913
1920
1875
1883
1910
1924
1900
1899
1918
1951
1898
1922
1924
1904
1903
1907
1891
1919
1905
1915
1904
1904
1901
1904
1904
1901
1906
1923
1921
1914
1921
1847
1851
1898
1865
1867
1904
1933
1909
1898
1847
1904
1923
1902
1902
1918
1898
1911
1875
1917
1919
1888
1915
1915
1903
1919
1921
1934
1903
1865
1876
1911
1895
1868
1903
1924
1910
1904
1907
1933
1913
1909
1894
1902
1916
1923
1909
1914
1911
1905
1919
1888
1904
1904
1922
1920
1916
1911
1907
1925
1841
1913
1882
1890
1903
1936
1904
1893
1934
1862
1867
1910
1918
1911
1907
1915
1904
1872
1878
1920
1878
1920
1834
1885
1903
1898
1921
1920
1917
1909
1815
1922
1920
1904
1917
1934
1888
1901
1894
1910
1917
1914
1911
1907
1911
1926
1918
1916
1890
1847
1911
1900
1907
1891
1911
1911
1948
1916
1934
1922
1914
1909
1902
1904
1913
1871
1894
1887
1895
1952
1909
1919
1904
1904
1919
1931
1922
1902
1926
1919
1855
1909
1914
1920
1929
1887
1906
1909
1810
1941
1893
1879
1904
1898
1933
1919
1904
1915
1891
1921
1920
1919
1915
1810
1890
1905
1890
1915
1860
1851
1911
1905
1907
1902
1919
1917
1918
1910
1875
1903
1904
1895
1904
1925
1904
1919
1921
1899
1927
1911
1921
1918
1917
1920
1923
1905
1907
1875
1915
1920
1923
1920
1919
1915
1927
1899
1903
1915
1907
1931
1899
1927
1915
1901
1911
1907
1920
1915
1907
1824
1823
1849
1906
1856
1857
1892
1882
1902
1897
1891
1967
1918
1921
1903
1913
1925
1921
1911
1916
1874
1866
1909
1911
1907
1906
1913
1920
1893
1902
1888
1891
1921
1855
1882
1894
1891
1889
1874
1902
1915
1919
1906
1873
1839
1875
1869
1900
1935
1915
1875
1902
1907
1877
1917
1901
1885
1915
1827
1882
1911
1897
1920
1911
1923
1909
1813
1929
1915
1931
1902
1903
1908
1872
1887
1922
1898
1920
1914
1895
1898
1872
1911
1919
1911
1918
1922
1917
1899
1806
1936
1915
1859
1920
1891
1889
1911
1914
1894
1912
1904
1911
1923
1922
1903
1914
1909
1904
1915
1914
1905
1920
1919
1902
1820
1851
1913
1904
1901
1904
1920
1911
1802
1904
1927
1904
1909
1899
1919
1902
1858
1878
1914
1893
1883
1922
1908
1908
1930
1889
1919
1906
1924
1921
1909
1905
1916
1907
1967
1897
1907
1907
1906
1885
1905
1913
1921
1898
1895
1908
1907
1915
1901
1898
1921
1919
1909
1904
1904
1903
1894
1936
1911
1931
1905
1915
1918
1904
1904
1906
1911
1895
1917
1909
1901
1922
1909
1904
1917
1920
1900
1892
1933
1907
1909
1901
1883
1858
1905
1904
1901
1861
1905
1859
1891
1903
1906
1904
1921
1875
1859
1914
1917
1868
1866
1875
1904
1902
1913
1911
1906
1907
1902
1922
1904
1909
1923
1901
1918
1954
1919
1913
1898
1907
1887
1926
1920
1916
1866
1856
1865
1904
1904
1897
1911
1904
1879
1922
1907
1905
1903
1894
1887
1919
1887
1917
1914
1920
1920
1825
1911
1927
1921
1920
1904
1915
1910
1906
1914
1903
1901
1904
1904
1938
1923
1931
1909
1917
1889
1888
1903
1870
1870
1903
1904
1959
1924
1911
1923
1906
1903
1895
1935
1909
1904
1906
1921
1913
1910
1904
1904
1904
1911
1895
1929
1904
1895
1873
1923
1853
1844
1904
1901
1920
1907
1903
1919
1831
1915
1926
1920
1890
1910
1925
1895
1919
1875
1926
1911
1901
1856
1927
1836
1862
1889
1894
1918
1903
1865
1873
1840
1890
1899
1888
1893
1904
1865
1851
1908
1906
1904
1879
1891
1905
1904
1866
1931
1897
1904
1933
1904
1920
1892
1922
1903
1904
1949
1930
1915
1928
1909
1907
1906
1936
1911
1858
1901
1911
1942
1911
1915
1906
1925
1904
1907
1902
1909
1919
1903
1907
1927
1904
1902
1877
1893
1903
1898
1902
1921
1902
1904
1871
1872
1855
1868
1917
1921
1916
1908
1902
1908
1916
1929
1904
1910
1911
1917
1921
1902
1925
1915
1927
1963
1922
1926
1922
1920
1911
1925
1920
1913
1863
1875
1872
1898
1907
1920
1911
1911
1915
1913
1931
1923
1906
1895
1905
1918
1859
1904
1904
1902
1919
1905
1895
1827
1920
1871
1924
1915
1904
1909
1894
1902
1872
1930
1902
1897
1866
1922
1852
1879
1910
1926
1906
1904
1931
1885
1916
1907
1903
1893
1872
1888
1907
1870
1902
1904
1902
1919
1906
1923
1922
1915
1925
1904
1905
1893
1914
1904
1904
1867
1930
1859
1946
1918
1865
1872
1918
1902
1916
1819
1903
1917
1895
1903
1904
1917
1910
1859
1894
1917
1901
1925
1931
1904
1916
1895
1890
1877
1929
1907
1920
1914
1909
1857
1926
1904
1889
1886
1891
1897
1918
1904
1905
1879
1888
1889
1875
1889
1911
1887
1915
1921
1928
1911
1918
1904
1870
1898
1874
1911
1885
1913
1904
1915
1923
1926
1936
1826
1905
1920
1915
1919
1920
1911
1911
1931
1905
1910
1899
1923
1909
1920
1911
1851
1905
1915
1917
1914
1896
1903
1899
1915
1899
1922
1906
1916
1921
1862
1911
1894
1920
1903
1904
1914
1893
1891
1872
1917
1925
1883
1911
1872
1891
1871
1893
1911
1930
1923
1914
1909
1903
1913
1907
1919
1873
1904
1919
1872
1863
1904
1877
1911
1921
1911
1904
1930
1915
1922
1903
1940
1858
1905
1930
1903
1855
1919
1903
1905
1897
1912
1917
1905
1913
1898
1919
1904
1904
1844
1898
1901
1915
1874
1913
1872
1868
1902
1911
1906
1901
1907
1907
1790
1930
1907
1921
1920
1895
1897
1885
1904
1919
1909
1911
1916
1911
1891
1861
1872
1909
1904
1918
1904
1904
1917
1919
1914
1773
1878
1899
1907
1895
1901
1915
1899
1911
1915
1855
1920
1891
1906
1881
1900
1923
1903
1914
1911
1917
1892
1919
1914
1869
1919
1911
1893
1903
1907
1920
1911
1893
1923
1920
1904
1909
1855
1878
1908
1841
1919
1911
1920
1911
1917
1923
1917
1855
1918
1871
1909
1867
1858
1886
1883
1906
1901
1932
1925
1904
1905
1895
1904
1915
1890
1923
1904
1918
1911
1909
1918
1905
1923
1903
1894
1910
1915
1921
1902
1940
1874
1901
1902
1918
1907
1926
1904
1898
1903
1903
1907
1911
1916
1915
1894
1919
1920
1917
1919
1901
1915
1904
1902
1859
1825
1913
1872
1861
1966
1902
1881
1927
1924
1872
1894
1872
1872
1895
1904
1914
1922
1923
1922
1917
1904
1889
1904
1908
1891
1911
1925
1920
1913
1891
1917
1918
1919
1927
1925
1910
1925
1908
1925
1899
1904
1922
1905
1903
1916
1915
1907
1904
1913
1905
1926
1920
1914
1916
1915
1803
1859
1914
1919
1915
1923
1907
1920
1813
1914
1917
1939
1917
1913
1913
1915
1924
1888
1904
1914
1902
1919
1933
1920
1911
1920
1925
1925
1909
1916
1919
1914
1912
1859
1935
1919
1895
1898
1920
1922
1903
1904
1917
1911
1917
1921
1864
1904
1914
1911
1917
1904
1854
1901
1917
1909
1899
1899
1919
1825
1902
1882
1856
1907
1904
1904
1921
1915
1907
1913
1943
1921
1918
1886
1897
1922
1909
1916
1887
1904
1920
1834
1872
1910
1904
1923
1914
1918
1885
1897
1919
1888
1904
1897
1905
1842
1901
1851
1914
1839
1908
1922
1922
1919
1904
1915
1895
1903
1933
1907
1900
1921
1918
1918
1917
1938
1914
1878
1856
1889
1891
1921
1901
1910
1920
1932
1915
1904
1922
1904
1899
1867
1908
1865
1885
1883
1903
1809
1915
1857
1906
1900
1902
1903
1894
1909
1904
1920
1904
1925
1920
1910
1902
1904
1904
1904
1919
1921
1903
1913
1904
1918
1903
1910
1924
1906
1909
1913
1887
1891
1797
1907
1922
1905
1904
1899
1915
1899
1919
1908
1875
1920
1933
1914
1917
1907
1909
1919
1911
1911
1904
1904
1903
1905
1908
1910
1883
1907
1908
1917
1931
1906
1909
1910
1867
1890
1902
1890
1868
1861
1856
1918
1913
1899
1893
1885
1899
1919
1894
1859
1916
1919
1910
1911
1905
1869
1904
1909
1820
1952
1903
1936
1903
1914
1889
1910
1923
1918
1899
1925
1920
1895
1904
1911
1904
1861
1920
1907
1895
1904
1903
1914
1922
1908
1905
1906
1911
1898
1922
1809
1907
1900
1891
1909
1901
1887
1898
1903
1900
1914
1903
1904
1895
1899
1893
1925
1879
1872
1908
1909
1919
1899
1911
1879
1840
1917
1910
1904
1903
1895
1926
1926
1919
1888
1904
1906
1901
1916
1919
1905
1899
1904
1919
1915
1922
1906
1873
1847
1923
1904
1813
1906
1918
1908
1899
1911
1903
1920
1926
1904
1909
1920
1898
1904
1874
1918
1922
1899
1903
1914
1918
1888
1904
1862
1900
1920
1916
1934
1911
1909
1823
1920
1904
1893
1907
1920
1921
1895
1907
1876
1878
1895
1874
1905
1905
1920
1920
1899
1915
1899
1920
1902
1920
1904
1927
1925
1939
1907
1918
1897
1914
1913
1918
1929
1904
1935
1898
1888
1906
1904
1920
1922
1895
1847
1847
1852
1872
1901
1824
1921
1895
1823
1863
1904
1885
1886
1910
1871
1904
1917
1908
1904
1914
1917
1905
1915
1902
1861
1866
1847
1873
1857
1907
1902
1879
1906
1911
1903
1901
1905
1887
1870
1907
1923
1954
1907
1899
1918
1923
1922
1914
1917
1911
1895
1919
1933
1885
1917
1910
1915
1911
1911
1901
1921
1904
1921
1855
1951
1915
1905
1916
1904
1890
1903
1907
1908
1903
1914
1907
1926
1908
1904
1904
1877
1909
1909
1908
1890
1894
1922
1959
1910
1903
1915
1919
1906
1921
1911
1895
1905
1903
1911
1908
1913
1914
1920
1906
1910
1917
1920
1917
1902
1903
1911
1902
1910
1881
1890
1891
1898
1899
1904
1847
1965
1903
1899
1911
1911
1905
1904
1903
1904
1893
1908
1903
1897
1908
1913
1908
1909
1904
1904
1917
1903
1899
1925
1894
1904
1874
1905
1910
1901
1920
1907
1858
1835
1920
1895
1904
1897
1877
1908
1905
1915
1899
1916
1919
1920
1913
1890
1914
1889
1911
1900
1904
1931
1918
1899
1898
1921
1936
1906
1891
1910
1907
1904
1918
1923
1899
1863
1860
1861
1853
1866
1894
1910
1913
1918
1904
1897
1918
1913
1915
1822
1935
1870
1907
1905
1900
1899
1909
1850
1879
1904
1916
1914
1902
1905
1906
1905
1875
1906
1857
1873
1882
1904
1921
1929
1919
1917
1901
1915
1909
1913
1920
1904
1878
1936
1921
1902
1920
1894
1884
1915
1885
1914
1915
1910
1930
1904
1912
1909
1904
1910
1921
1905
1911
1925
1899
1811
1947
1905
1918
1904
1916
1911
1921
1933
1906
1904
1904
1925
1909
1906
1899
1909
1914
1904
1887
1903
1919
1902
1915
1908
1831
1859
1917
1894
1917
1905
1907
1862
1839
1905
1855
1845
1872
1872
1893
1913
1905
1911
1904
1914
1913
1911
1909
1895
1866
1919
1918
1900
1901
1917
1882
1869
1922
1906
1921
1914
1904
1908
1894
1904
1901
1930
1907
1906
1935
1912
1905
1911
1903
1909
1914
1913
1906
1910
1905
1909
1918
1968
1917
1898
1921
1920
1924
1904
1824
1893
1907
1909
1910
1907
1920
1905
1898
1905
1918
1904
1907
1910
1905
1921
1911
1906
1870
1901
1911
1904
1901
1904
1918
1898
1915
1927
1918
1904
1919
1911
1907
1916
1907
1904
1904
1890
1909
1917
1907
1872
1901
1899
1904
1917
1914
1922
1904
1906
1914
1907
1915
1905
1904
1893
1913
1891
1851
1908
1920
1911
1919
1903
1904
1874
1902
1903
1919
1920
1904
1902
1904
1883
1883
1915
1873
1863
1871
1917
1879
1909
1861
1923
1904
1879
1878
1894
1885
1903
1897
1889
1911
1919
1898
1902
1915
1885
1919
1927
1882
1901
1899
1924
1925
1905
1868
1921
1919
1904
1899
1918
1919
1911
1806
1911
1910
1909
1932
1906
1898
1920
1916
1894
1919
1909
1896
1923
1923
1908
1957
1909
1904
1897
1904
1899
1904
1933
1901
1918
1911
1921
1919
1919
1939
1907
1915
1916
1902
1897
1915
1915
1904
1902
1902
1871
1905
1891
1917
1913
1904
1909
1904
1909
1905
1903
1932
1909
1904
1903
1930
1915
1907
1920
1905
1917
1892
1898
1904
1914
1918
1901
1927
1931
1909
1904
1919
1826
1879
1915
1904
1887
1913
1921
1878
1904
1918
1869
1848
1872
1917
1920
1922
1921
1917
1934
1933
1917
1905
1901
1911
1883
1902
1898
1902
1908
1909
1898
1909
1918
1910
1923
1920
1917
1918
1905
1904
1930
1910
1911
1915
1904
1901
1906
1904
1914
1901
1890
1907
1924
1906
1889
1919
1839
1920
1907
1900
1904
1907
1903
1902
1906
1913
1907
1906
1919
1904
1925
1923
1915
1920
1905
1917
1919
1904
1917
1769
1947
1904
1902
1905
1877
1867
1858
1905
1886
1915
1911
1929
1919
1895
1916
1920
1911
1893
1910
1873
1920
1903
1899
1936
1904
1879
1924
1925
1911
1917
1904
1895
1919
1923
1921
1931
1898
1909
1906
1926
1913
1897
1902
1919
1913
1887
1917
1911
1910
1914
1919
1909
1899
1921
1904
1903
1894
1828
1936
1913
1911
1888
1904
1905
1906
1905
1922
1872
1859
1903
1919
1906
1910
1920
1910
1858
1863
1915
1903
1895
1837
1856
1909
1904
1906
1911
1927
1874
1837
1918
1899
1922
1932
1917
1920
1910
1915
1906
1921
1908
1911
1911
1913
1904
1919
1910
1897
1902
1922
1895
1913
1907
1927
1916
1914
1904
1919
1931
1900
1904
1904
1904
1911
1923
1908
1926
1905
1909
1903
1922
1871
1904
1905
1908
1893
1904
1901
1892
1889
1854
1904
1923
1912
1901
1904
1866
1899
1902
1893
1893
1904
1919
1929
1905
1915
1907
1927
1904
1911
1904
1899
1926
1872
1922
1878
1916
1924
1914
1886
1908
1902
1919
1904
1898
1919
1916
1902
1927
1909
1801
1904
1914
1915
1903
1921
1904
1903
1925
1869
1917
1915
1924
1895
1904
1823
1967
1899
1904
1898
1920
1915
1901
1904
1923
1844
1884
1923
1906
1913
1923
1907
1891
1905
1907
1904
1887
1890
1859
1921
1904
1907
1915
1894
1914
1909
1926
1888
1931
1920
1914
1903
1920
1911
1918
1904
1913
1901
1899
1918
1905
1904
1924
1903
1909
1904
1895
1918
1907
1921
1922
1895
1903
1915
1895
1895
1893
1893
1916
1906
1904
1905
1904
1899
1881
1904
1904
1891
1913
1918
1904
1904
1914
1905
1907
1908
1898
1902
1908
1911
1923
1904
1903
1863
1817
1904
1867
1889
1867
1879
1904
1906
1913
1899
1899
1915
1904
1919
1919
1885
1872
1915
1904
1917
1917
1910
1921
1901
1907
1820
1949
1915
1904
1905
1914
1903
1909
1936
1918
1919
1914
1905
1914
1927
1921
1902
1847
1914
1902
1889
1874
1908
1869
1945
1905
1922
1915
1919
1907
1898
1870
1925
1920
1904
1891
1915
1907
1905
1927
1907
1910
1906
1918
1905
1914
1905
1921
1907
1876
1913
1907
1903
1931
1918
1921
1897
1863
1903
1891
1897
1876
1872
1905
1906
1905
1902
1911
1923
1921
1904
1911
1894
1904
1904
1914
1925
1910
1907
1904
1927
1904
1879
1914
1911
1911
1913
1906
1872
1904
1906
1890
1904
1902
1899
1918
1904
1912
1897
1869
1905
1882
1888
1919
1891
1858
1911
1904
1904
1911
1913
1907
1911
1920
1919
1909
1913
1906
1905
1878
1918
1904
1893
1900
1904
1901
1933
1913
1904
1902
1914
1920
1915
1904
1904
1913
1906
1799
1958
1872
1915
1909
1886
1871
1911
1907
1872
1922
1903
1915
1909
1882
1888
1923
1904
1867
1905
1914
1902
1919
1759
1943
1921
1911
1936
1906
1904
1874
1901
1936
1913
1904
1918
1902
1913
1916
1904
1904
1913
1919
1901
1910
1894
1920
1903
1902
1875
1919
1907
1904
1921
1902
1905
1904
1920
1908
1918
1898
1904
1922
1901
1914
1917
1919
1909
1888
1907
1919
1917
1918
1921
1910
1900
1899
1904
1927
1923
1910
1824
1941
1916
1902
1909
1922
1926
1909
1901
1909
1891
1877
1898
1887
1920
1909
1908
1914
1902
1903
1904
1877
1895
1855
1905
1863
1934
1895
1906
1872
1860
1893
1872
1898
1904
1882
1911
1911
1904
1904
1910
1907
1915
1909
1894
1911
1904
1902
1894
1909
1890
1911
1907
1903
1902
1923
1874
1957
1904
1895
1918
1918
1921
1902
1840
1875
1921
1917
1904
1914
1885
1890
1922
1925
1876
1867
1904
1886
1904
1915
1907
1917
1863
1886
1931
1915
1908
1925
1901
1921
1927
1904
1923
1914
1917
1885
1920
1907
1905
1919
1941
1904
1930
1906
1918
1877
1882
1903
1904
1901
1891
1900
1863
1934
1918
1921
1900
1899
1904
1904
1911
1917
1920
1930
1897
1916
1903
1907
1904
1893
1929
1903
1902
1903
1905
1911
1902
1819
1966
1922
1874
1917
1898
1919
1878
1809
1907
1890
1874
1886
1900
1917
1903
1898
1889
1883
1895
1921
1910
1903
1907
1927
1919
1904
1898
1905
1914
1919
1917
1910
1809
1913
1920
1918
1916
1911
1922
1907
1903
1876
1916
1917
1907
1908
1906
1911
1908
1911
1897
1921
1921
1909
1921
1814
1962
1909
1909
1887
1913
1906
1894
1835
1904
1851
1868
1905
1904
1906
1905
1907
1899
1936
1907
1904
1926
1904
1907
1914
1915
1847
1907
1911
1919
1922
1909
1915
1919
1919
1891
1903
1909
1870
1857
1920
1905
1921
1908
1903
1921
1904
1920
1933
1877
1903
1913
1907
1911
1896
1902
1904
1919
1891
1949
1905
1902
1859
1860
1867
1909
1904
1922
1920
1925
1904
1913
1893
1897
1909
1923
1919
1906
1898
1904
1903
1819
1961
1917
1913
1915
1895
1911
1873
1899
1877
1875
1903
1886
1883
1903
1872
1906
1879
1901
1905
1906
1891
1913
1902
1911
1904
1863
1916
1907
1931
1923
1911
1937
1895
1906
1906
1909
1897
1930
1914
1905
1895
1928
1917
1906
1903
1890
1904
1918
1889
1904
1921
1906
1921
1907
1918
1925
1941
1901
1905
1921
1903
1890
1867
1870
1919
1914
1901
1910
1902
1907
1919
1903
1919
1929
1918
1904
1903
1920
1915
1926
1857
1866
1889
1908
1910
1882
1905
1901
1915
1930
1923
1921
1920
1926
1919
1904
1850
1894
1907
1904
1920
1904
1904
1914
1866
1905
1933
1918
1915
1909
1911
1907
1904
1767
1939
1927
1917
1904
1911
1920
1899
1855
1910
1895
1920
1910
1911
1887
1913
1907
1842
1899
1894
1910
1884
1910
1863
1969
1904
1867
1907
1936
1893
1872
1917
1879
1888
1904
1920
1904
1920
1908
1903
1920
1903
1905
1914
1913
1914
1905
1904
1913
1874
1915
1924
1915
1921
1918
1922
1919
1906
1915
1901
1907
1927
1909
1897
1881
1891
1920
1903
1904
1911
1929
1917
1886
1920
1915
1908
1906
1913
1904
1914
1911
1910
1882
1905
1910
1908
1935
1919
1921
1914
1891
1898
1909
1923
1904
1910
1903
1911
1885
1915
1919
1920
1906
1904
1915
1870
1907
1901
1915
1899
1911
1914
1874
1923
1908
1921
1906
1914
1885
1892
1877
1919
1915
1917
1921
1904
1926
1907
1919
1903
1921
1912
1907
1915
1891
1926
1920
1771
1925
1903
1911
1946
1894
1897
1927
1785
1906
1897
1906
1908
1921
1917
1899
1917
1882
1903
1899
1905
1859
1921
1871
1951
1904
1910
1903
1930
1904
1917
1931
1926
1900
1918
1891
1872
1914
1911
1904
1901
1919
1926
1910
1903
1907
1906
1918
1904
1881
1898
1918
1915
1895
1917
1903
1914
1937
1856
1867
1862
1919
1906
1917
1904
1901
1887
1883
1866
1913
1919
1909
1905
1920
1913
1925
1866
1853
1854
1914
1926
1919
1923
1904
1912
1887
1891
1904
1898
1915
1935
1904
1908
1911
1906
1918
1909
1922
1923
1925
1914
1919
1919
1907
1924
1853
1904
1927
1911
1913
1904
1909
1915
1913
1791
1919
1921
1905
1918
1914
1902
1918
1922
1910
1904
1907
1905
1918
1899
1901
1909
1920
1916
1909
1904
1899
1906
1842
1920
1904
1897
1895
1915
1882
1886
1825
1907
1926
1890
1910
1903
1904
1903
1904
1925
1902
1855
1915
1929
1918
1912
1917
1904
1861
1887
1905
1921
1921
1900
1899
1920
1925
1933
1924
1907
1893
1907
1902
1905
1904
1904
1903
1903
1856
1933
1921
1873
1883
1891
1909
1918
1891
1914
1886
1911
1863
1856
1870
1909
1878
1901
1886
1866
1902
1845
1891
1871
1879
1865
1904
1907
1913
1885
1920
1904
1904
1911
1908
1857
1929
1909
1935
1911
1907
1931
1919
1915
1911
1911
1916
1921
1927
1902
1926
1917
1900
1903
1922
1913
1920
1904
1921
1920
1929
1899
1908
1907
1903
1887
1904
1918
1825
1933
1921
1923
1901
1902
1899
1919
1891
1907
1898
1920
1907
1931
1913
1905
1904
1894
1922
1916
1929
1927
1911
1905
1931
1914
1905
1893
1916
1936
1920
1919
1922
1872
1856
1921
1908
1910
1906
1929
1921
1911
1902
1891
1915
1901
1921
1904
1898
1817
1861
1905
1914
1851
1857
1903
1906
1866
1889
1910
1906
1862
1869
1907
1908
1923
1905
1907
1923
1919
1907
1895
1867
1921
1872
1872
1849
1904
1936
1927
1924
1914
1967
1904
1903
1910
1904
1919
1886
1921
1905
1894
1905
1919
1901
1912
1909
1926
1904
1913
1907
1904
1928
1911
1870
1867
1921
1936
1904
1927
1901
1911
1905
1919
1910
1917
1913
1918
1909
1910
1913
1917
1812
1908
1904
1909
1917
1903
1926
1904
1871
1906
1898
1933
1923
1907
1898
1927
1921
1909
1904
1907
1916
1902
1910
1919
1910
1914
1911
1888
1904
1911
1922
1899
1914
1918
1907
1936
1915
1893
1905
1915
1910
1863
1927
1898
1925
1904
1897
1895
1909
1905
1915
1898
1904
1887
1919
1913
1919
1907
1890
1887
1886
1915
1904
1915
1809
1885
1895
1887
1872
1904
1903
1893
1923
1907
1904
1903
1885
1872
1909
1911
1904
1882
1877
1883
1905
1904
1916
1904
1919
1891
1917
1907
1909
1904
1936
1906
1882
1943
1899
1903
1914
1905
1906
1887
1835
1909
1913
1915
1909
1901
1910
1905
1923
1926
1903
1913
1915
1895
1895
1925
1901
1894
1904
1922
1913
1904
1920
1906
1910
1869
1910
1888
1920
1925
1903
1894
1910
1921
1921
1912
1906
1918
1905
1919
1916
1904
1914
1907
1919
1902
1902
1920
1904
1915
1898
1918
1903
1926
1895
1931
1873
1914
1924
1917
1916
1903
1914
1904
1904
1909
1913
1921
1899
1910
1936
1917
1923
1823
1955
1902
1899
1901
1895
1922
1901
1886
1917
1906
1908
1894
1914
1911
1927
1932
1895
1906
1908
1910
1903
1909
1890
1951
1921
1893
1918
1905
1922
1924
1905
1915
1856
1914
1905
1899
1923
1899
1883
1902
1924
1916
1876
1872
1867
1923
1904
1904
1918
1904
1904
1904
1899
1911
1895
1822
1953
1904
1906
1895
1920
1900
1885
1817
1890
1917
1906
1898
1903
1889
1899
1904
1871
1861
1844
1850
1856
1920
1904
1908
1923
1870
1895
1874
1871
1885
1901
1917
1813
1921
1904
1920
1891
1902
1919
1915
1903
1895
1911
1923
1906
1897
1915
1907
1882
1906
1918
1891
1907
1919
1907
1808
1919
1899
1916
1903
1909
1913
1909
1920
1904
1916
1881
1934
1893
1906
1898
1901
1879
1911
1909
1907
1922
1906
1926
1934
1904
1951
1918
1891
1897
1903
1905
1915
1917
1904
1897
1936
1903
1918
1899
1921
1910
1886
1913
1910
1889
1866
1906
1886
1904
1889
1919
1909
1865
1901
1909
1875
1923
1918
1923
1853
1867
1906
1901
1897
1878
1931
1907
1919
1900
1904
1925
1917
1862
1922
1904
1916
1893
1901
1904
1925
1911
1962
1879
1908
1888
1897
1878
1890
1916
1911
1922
1918
1886
1920
1905
1931
1866
1909
1873
1912
1915
1920
1895
1921
1906
1915
1872
1902
1911
1909
1920
1911
1886
1929
1904
1843
1870
1858
1859
1915
1922
1905
1893
1919
1920
1910
1907
1917
1921
1886
1904
1907
1916
1904
1911
1907
1803
1910
1891
1915
1907
1915
1918
1917
1915
1861
1929
1917
1936
1919
1903
1903
1915
1910
1911
1910
1872
1872
1867
1861
1925
1935
1947
1904
1891
1907
1910
1911
1911
1936
1903
1898
1904
1904
1914
1918
1931
1904
1882
1920
1920
1919
1899
1921
1910
1894
1904
1872
1904
1905
1920
1901
1885
1915
1845
1904
1905
1913
1917
1899
1895
1913
1840
1897
1885
1875
1900
1892
1901
1910
1889
1890
1901
1913
1915
1919
1911
1899
1905
1927
1913
1904
1922
1910
1909
1909
1922
1913
1897
1911
1913
1930
1917
1923
1915
1907
1927
1901
1889
1903
1904
1910
1901
1847
1909
1913
1899
1904
1899
1915
1840
1872
1913
1890
1868
1877
1888
1904
1806
1907
1920
1909
1901
1918
1914
1907
1868
1867
1917
1854
1905
1915
1903
1859
1922
1857
1927
1877
1890
1904
1920
1907
1881
1880
1906
1901
1866
1872
1889
1886
1971
1897
1919
1868
1892
1871
1861
1920
1904
1961
1893
1903
1904
1905
1906
1895
1914
1904
1893
1898
1919
1899
1895
1909
1911
1910
1907
1905
1904
1920
1933
1901
1911
1910
1889
1911
1936
1899
1907
1914
1912
1827
1904
1909
1857
1854
1850
1863
1901
1835
1881
1911
1872
1865
1863
1856
1906
1885
1906
1907
1904
1914
1907
1901
1926
1904
1917
1887
1911
1847
1911
1907
1915
1903
1905
1920
1849
1872
1933
1922
1904
1921
1920
1901
1898
1879
1904
1889
1921
1902
1867
1907
1907
1910
1904
1921
1914
1843
1900
1895
1917
1920
1904
1922
1901
1824
1841
1793
1915
1901
1914
1911
1914
1907
1892
1894
1920
1871
1861
1923
1904
1911
1904
1931
1920
1918
1904
1919
1921
1853
1912
1919
1910
1920
1923
1912
1903
1906
1919
1904
1910
1899
1919
1910
1925
1906
1963
1898
1921
1913
1904
1893
1871
1907
1917
1808
1905
1907
1894
1917
1906
1905
1918
1909
1913
1906
1903
1924
1916
1905
1904
1879
1906
1914
1910
1918
1914
1904
1821
1904
1900
1899
1915
1892
1893
1915
1815
1903
1895
1904
1904
1906
1873
1913
1903
1904
1917
1888
1907
1919
1920
1914
1909
1902
1945
1919
1915
1905
1906
1920
1927
1883
1921
1887
1882
1905
1866
1853
1904
1849
1910
1902
1901
1904
1895
1894
1898
1865
1916
1913
1899
1907
1919
1900
1904
1909
1811
1915
1905
1910
1910
1919
1911
1899
1919
1914
1906
1917
1905
1920
1917
1905
1922
1922
1857
1872
1857
1911
1914
1912
1916
1919
1894
1905
1917
1902
1886
1922
1914
1906
1903
1907
1904
1907
1917
1904
1905
1903
1906
1909
1902
1903
1853
1904
1910
1830
1914
1871
1859
1877
1896
1904
1825
1910
1907
1909
1910
1923
1931
1904
1910
1907
1914
1919
1909
1919
1909
1925
1875
1904
1898
1914
1909
1916
1905
1822
1905
1912
1920
1892
1895
1919
1908
1904
1906
1926
1903
1907
1899
1921
1915
1897
1901
1936
1908
1921
1909
1903
1926
1918
1915
1936
1910
1919
1905
1920
1907
1911
1911
1894
1914
1923
1905
1904
1911
1907
1915
1900
1918
1919
1906
1917
1904
1919
1860
1913
1920
1911
1908
1920
1916
1895
1910
1904
1910
1909
1911
1915
1917
1891
1904
1903
1904
1872
1878
1904
1931
1914
1904
1902
1941
1907
1883
1931
1911
1917
1823
1872
1906
1904
1872
1813
1873
1904
1803
1891
1918
1923
1915
1922
1913
1903
1907
1904
1893
1907
1901
1904
1910
1904
1894
1920
1895
1919
1882
1857
1866
1909
1887
1799
1910
1921
1926
1921
1919
1898
1915
1830
1915
1910
1909
1910
1908
1921
1919
1858
1908
1889
1923
1913
1907
1915
1899
1911
1904
1954
1914
1895
1919
1915
1918
1906
1906
1921
1906
1904
1909
1905
1911
1859
1910
1919
1906
1930
1909
1914
1905
1914
1906
1904
1895
1890
1904
1901
1914
1867
1923
1905
1904
1920
1917
1921
1904
1905
1906
1904
1894
1905
1909
1911
1921
1904
1889
1881
1916
1889
1895
1933
1905
1895
1821
1910
1915
1909
1920
1910
1913
1903
1802
1857
1904
1919
1919
1861
1885
1885
1898
1903
1871
1919
1905
1915
1913
1915
1920
1923
1872
1918
1899
1918
1921
1918
1917
1922
1907
1885
1904
1922
1919
1911
1903
1931
1917
1909
1902
1917
1916
1911
1905
1876
1902
1915
1926
1909
1919
1917
1815
1927
1909
1914
1917
1906
1925
1902
1909
1909
1933
1904
1910
1915
1932
1911
1899
1876
1910
1919
1919
1900
1919
1904
1918
1916
1958
1900
1901
1910
1904
1904
1909
1921
1907
1906
1903
1919
1901
1919
1906
1921
1909
1918
1923
1915
1921
1917
1926
1959
1909
1872
1862
1904
1907
1905
1909
1906
1904
1909
1883
1899
1886
1851
1857
1905
1831
1922
1913
1894
1919
1904
1899
1903
1875
1901
1915
1909
1921
1918
1919
1811
1920
1901
1909
1920
1930
1903
1906
1808
1866
1927
1921
1904
1904
1891
1879
1911
1911
1909
1922
1897
1913
1920
1895
1915
1916
1961
1904
1903
1902
1904
1911
1904
1899
1903
1907
1904
1918
1906
1889
1932
1916
1911
1913
1902
1904
1897
1919
1889
1919
1920
1904
1917
1915
1922
1917
1907
1895
1920
1904
1903
1908
1902
1911
1920
1895
1917
1904
1909
1898
1917
1906
1917
1887
1901
1904
1911
1922
1907
1911
1914
1905
1950
1905
1895
1919
1917
1901
1893
1931
1885
1897
1934
1914
1871
1863
1909
1901
1917
1899
1919
1892
1915
1920
1908
1901
1897
1871
1925
1921
1918
1905
1922
1910
1829
1894
1893
1911
1901
1852
1863
1907
1904
1905
1903
1890
1920
1903
1908
1904
1887
1920
1909
1909
1919
1930
1905
1888
1909
1922
1910
1903
1920
1916
1879
1921
1932
1917
1893
1904
1884
1866
1875
1845
1851
1923
1910
1931
1918
1915
1898
1904
1904
1955
1905
1894
1922
1935
1917
1906
1926
1906
1873
1859
1865
1914
1904
1920
1920
1904
1849
1854
1896
1917
1915
1899
1889
1920
1903
1922
1910
1910
1909
1922
1911
1914
1918
1910
1926
1921
1903
1890
1906
1902
1902
1920
1904
1907
1899
1907
1930
1922
1902
1879
1903
1915
1907
1901
1905
1943
1923
1895
1925
1907
1921
1917
1936
1904
1904
1901
1913
1915
1887
1910
1903
1904
1920
1904
1913
1924
1909
1923
1905
1902
1863
1907
1920
1920
1910
1905
1923
1911
1887
1910
1904
1915
1923
1913
1917
1834
1903
1920
1913
1919
1914
1900
1902
1872
1893
1905
1903
1921
1898
1923
1894
1934
1910
1911
1875
1914
1914
1904
1893
1905
1924
1929
1915
1915
1904
1915
1906
1909
1893
1857
1904
1903
1890
1891
1909
1898
1955
1905
1872
1893
1872
1871
1903
1843
1906
1878
1861
1876
1914
1902
1914
1825
1915
1906
1920
1894
1909
1911
1907
1917
1897
1882
1883
1911
1915
1904
1916
1910
1869
1906
1913
1929
1908
1904
1901
1889
1905
1902
1907
1930
1905
1907
1917
1895
1915
1905
1919
1914
1910
1909
1899
1909
1915
1907
1907
1907
1933
1907
1911
1904
1913
1867
1901
1910
1906
1904
1904
1903
1925
1813
1909
1907
1903
1902
1922
1915
1899
1884
1907
1922
1901
1904
1926
1919
1926
1930
1914
1918
1920
1904
1902
1902
1919
1911
1907
1908
1921
1903
1918
1891
1875
1907
1903
1905
1913
1913
1904
1903
1917
1925
1934
1913
1905
1904
1926
1902
1919
1926
1901
1930
1904
1936
1902
1894
1909
1920
1896
1904
1906
1929
1915
1904
1925
1955
1904
1908
1917
1920
1914
1917
1917
1888
1879
1873
1926
1914
1909
1936
1925
1916
1839
1911
1917
1904
1927
1929
1904
1907
1887
1913
1877
1905
1920
1917
1905
1904
1905
1905
1909
1911
1913
1914
1881
1831
1893
1879
1869
1923
1918
1903
1903
1887
1909
1911
1907
1904
1904
1919
1907
1919
1910
1901
1914
1904
1903
1891
1916
1904
1822
1901
1895
1911
1905
1907
1897
1914
1810
1914
1903
1907
1909
1893
1918
1895
1893
1909
1902
1904
1909
1901
1910
1890
1901
1883
1