1495
2148
2077
2091
2052
2018
1896
1933
1893
1840
1762
1762
1713
1663
1644
1600
1565
1406
1361
1328
1290
1268
1246
1217
1184
1145
1087
2105
2054
2029
1975
1922
1871
1824
1782
1749
1711
1600
1627
1579
2185
1371
1327
1303
1271
1239
1207
1181
1165
1129
1109
1032
1070
2043
2000
1950
1914
1881
1847
1806
1782
1748
1697
1680
1637
1510
1433
1428
1427
1402
1372
1359
1340
1247
1244
1298
1297
1275
1262
1248
1915
1889
1860
1845
1822
1805
2045
1622
1625
1601
1574
1580
1568
1535
1523
1488
1504
1488
1485
1467
1505
1456
1463
1472
1389
1478
1668
1701
1708
1623
1663
1669
1645
1633
1614
1619
1600
1578
1584
1584
1556
1521
1552
1545
1530
1524
1525
1508
1521
1518
1522
1517
1706
1681
1679
1676
1645
1648
1623
1600
1599
1569
1570
1575
1552
1531
1551
1530
1494
1506
1544
1493
1509
1506
1503
1505
1515
1491
1745
1715
1715
1725
1702
1712
1695
1706
1706
1703
1694
1667
1639
1654
1693
1712
1718
1728
1739
1743
1746
1819
1771
1797
1807
1815
1680
1679
1711
1718
1739
1754
1739
1759
1754
1774
1782
1781
1803
1797
1818
1831
1823
1853
1883
1760
1907
1917
1921
1939
1959
1965
1969
1812
1809
1823
1835
1843
1802
1712
1836
1830
1838
1856
1840
1837
1716
1836
1835
1807
1811
1775
1805
1818
1818
1837
1751
1817
1804
1840
1853
1845
1850
1845
1853
1833
1872
1861
1859
1862
1808
1859
1861
1844
1834
1870
1872
1793
1867
1872
1842
1884
1882
1799
1860
1851
1851
1762
1813
1866
1846
1855
1868
1871
1851
1872
1853
1872
1831
1867
1877
1883
1899
1893
1869
1909
1902
1904
1919
1931
1933
1804
1799
1808
1803
1808
1807
1715
1790
1817
1829
1823
1833
1840
1815
1829
1842
1843
1849
1854
1840
1858
1869
1872
1882
1862
1885
1819
1823
1823
1821
1840
1831
1840
1847
1815
1862
1850
1878
1885
1903
1893
1906
1918
1907
1920
1892
1917
1917
1875
1925
1921
1926
1929
1881
1833
1881
1903
1913
1910
1912
1936
1933
1942
1940
1957
1971
1951
1907
1911
1917
1985
1974
1973
1989
1967
1984
1987
1956
1999
2016
2015
2003
1998
2063
2023
2029
2014
2027
2032
2041
2031
2027
2032
2026
2026
2034
2021
2017
2004
2001
1999
1996
1996
1996
1975
1929
1927
1731
1920
1906
1910
1898
1917
1873
1885
1901
1879
1874
1854
1856
1854
1841
1854
1844
1825
1829
1825
1782
1818
1802
1638
2015
2015
1985
2023
1985
2000
1985
1968
1999
1968
1958
1962
1947
1956
1963
1938
1932
1919
1909
1827
1891
1899
1873
1869
1875
1808
1866
1863
1862
1839
1849
1878
1819
1831
1818
1808
1804
1803
1781
1778
1808
1786
1774
1771
1766
1747
1737
1744
1754
1728
1729
1738
1713
2026
2033
1935
2026
1923
1909
1919
1937
1890
1988
1968
1963
1948
1941
1934
1927
1936
1942
1916
1908
1920
1909
1900
1879
1887
1872
1914
1904
1916
1899
1878
1808
1895
1862
1855
1810
1853
1866
1834
1856
1870
1826
1838
1796
1813
1819
1824
1819
1802
1787
1730
1728
1856
1872
1859
1858
1850
1827
1857
1846
1798
1841
1869
1840
1850
1843
1851
1833
1770
1839
1770
1775
1760
1820
1826
1829
1829
1839
1918
1847
1907
1906
1914
1923
1919
1917
1932
1924
1918
1932
1902
1853
1937
1926
1937
1885
1933
1930
1937
1947
1937
1955
1949
1939
1878
1887
1872
1867
1881
1866
1680
1875
1794
1794
1776
1872
1840
1873
1915
1881
1883
1876
1882
1878
1877
1818
1878
1885
1875
1891
1882
1895
1877
1878
1879
1839
1823
1873
1875
1883
1891
1894
1867
1873
1895
1876
1863
1863
1866
1840
1884
1831
1807
1845
1871
1857
1853
1901
1940
1936
1959
1968
1962
1956
1942
1921
1946
1945
1776
1959
1952
1932
1932
1925
1935
1887
1932
1887
1923
1930
1909
1839
1866
1814
1841
1830
1839
1826
1840
1835
1840
1852
1851
1863
1882
1843
1855
1863
1851
1859
1863
1879
1881
1870
1869
1875
1872
1870
1870
1818
1931
1900
1918
1909
1903
1904
1902
1888
1904
1879
1904
1894
1877
1898
1877
1901
1891
1873
1890
1872
1861
1871
1880
1881
1872
1909
1925
1936
1924
1918
1910
1924
1936
1930
1901
1936
1929
1927
1940
1895
1931
1939
1930
1868
1882
1961
1952
1905
1898
1938
1911
1951
1987
1989
1974
1969
1987
1994
1961
1973
1993
1968
1975
1985
1968
1972
1817
1974
1970
1970
1975
1957
1968
1870
1840
1968
1955
1955
1869
1860
1860
1872
1872
1867
1855
1861
1872
1856
1863
1865
1859
1859
1891
1855
1859
1851
1856
1873
1856
1851
1859
1871
1870
1839
1862
1904
1836
1899
1882
1911
1900
1885
1895
1886
1894
1899
1904
1899
1909
1901
1903
1938
1904
1938
1902
1905
1899
1903
1904
1907
1939
1877
1937
1937
1963
1941
1872
1872
1967
1936
1951
1953
1961
1957
1942
1947
1947
1947
1938
1873
1893
1909
1939
1942
1947
1938
1922
1943
1937
1942
1940
1932
1938
1936
1931
1939
1941
1936
1923
1921
1939
1924
1937
1925
1904
1850
1923
1926
1922
1923
1926
1919
1840
1918
1913
1919
1910
1895
1777
1919
1906
1899
1921
1854
1883
1867
1921
1919
1905
1921
1902
1911
1927
1905
1937
1904
1931
1920
1926
1899
1911
1915
1930
1924
1905
1907
1909
1897
1927
1929
1914
1919
1905
1915
1933
1914
1918
1915
1920
1936
1907
1925
1923
1930
1921
1936
1912
1882
1914
1930
1920
1929
1925
1855
1891
1894
1936
1883
1921
1930
1886
1950
1923
1921
1937
1922
1936
1936
1925
1933
1921
1937
1936
1946
1959
1940
1869
1950
1952
1943
1959
1955
1936
1948
1938
1959
1941
1926
1927
1853
1883
1954
1767
1963
1890
1879
1941
1947
1937
1936
1937
1937
1935
1934
1947
1926
1944
1926
1936
1923
1940
1933
1936
1936
1946
1945
1921
1946
1937
1936
1936
1737
1931
1930
1898
1901
1899
1878
1908
1903
1888
1893
1904
1889
1887
1883
1891
1829
1821
1819
1811
1886
1872
1904
1814
1899
1895
1887
1875
1897
1907
1917
1899
1910
1902
1910
1917
1898
1911
1917
1891
1919
1891
1915
1918
1929
1918
1919
1915
1929
1920
1904
1925
1930
1920
1936
1989
1883
1989
1914
1989
1969
1947
1901
1907
1936
1991
1977
1993
1979
1968
1968
1960
2000
1962
1965
1968
1914
1911
1969
1905
1991
1835
1895
1873
1907
1711
1898
1836
1875
1886
1899
1811
1874
1911
1897
1827
1866
1888
1823
1855
1829
1902
1904
1897
1899
1858
1904
1959
1943
1947
1966
1936
1946
1956
1951
1949
1936
1968
1941
1947
1941
1939
1952
1863
1947
1953
1959
1950
1930
1941
1936
1923
1927
1937
1856
1861
1858
1851
1858
1858
1870
1863
1860
1853
1892
1840
1847
1808
1793
1875
1877
1881
1886
1887
1890
1903
1900
1888
1904
1906
1856
1834
1872
1886
1858
1865
1846
1840
1831
1837
1835
1841
1870
1856
1845
1834
1837
1863
1861
1876
1854
1865
1854
1872
1821
1870
1943
1936
1939
1935
1968
1923
1930
1938
1919
1922
1921
1899
1905
1905
1904
1907
1893
1904
1904
1902
1873
1793
1886
1870
1875
1861
1937
1958
1929
1941
1935
1919
1936
1949
1931
1947
1948
1947
1936
1921
1930
1943
1943
1950
1933
1955
1938
1949
1938
1943
1935
1953
1999
2006
1981
1997
1994
1839
1995
1999
1907
2031
2111
2063
2111
2108
2105
2091
2099
2122
2091
2085
2080
2098
2102
2111
2106
2074
2086
1808
1814
1815
1814
1796
1829
1803
1818
1807
1814
1815
1799
1808
1713
1807
1805
1808
1775
1749
1751
1797
1803
1827
1811
1831
1761
1797
1699
1810
1795
1790
1783
1785
1812
1793
1808
1634
1808
1813
1773
1755
1775
1803
1818
1694
1839
1846
1842
1850
1868
1840
1857
1879
1879
1888
1882
1894
1866
1890
1893
1883
1904
1894
1923
1920
1917
1941
1941
1939
1950
1946
1962
1968
1973
1983
2000
1984
1982
1792
1798
1822
1812
1830
1841
1840
1871
1868
1865
1885
1879
1883
1911
1905
1907
1926
1933
1939
1936
1934
1936
1979
1968
1981
1985
1935
1934
1935
1933
1965
1969
1982
1936
1955
1951
1999
1829
1994
2003
1995
2014
2002
2000
1954
1831
2005
2111
2095
2097
2096
2096
2102
1858
1873
1872
1878
1871
1856
1875
1846
1845
1841
1817
1791
1872
1859
1858
1831
1815
1808
1823
1830
1814
1830
1825
1803
1816
1813
2160
1978
2171
2155
2130
2133
2128
2128
2115
2101
2102
2043
2055
2073
2032
2064
2027
2033
1998
1936
1930
1934
1965
1968
1984
1982
1757
1808
1807
1792
1782
1699
1695
1690
1774
1774
1782
1617
1781
1777
1775
1770
1776
1759
1766
1767
1773
1710
1694
1711
1761
1782
1830
1823
1814
1829
1823
1834
1825
1839
1831
1836
1826
1810
1843
1831
1839
1837
1837
1839
1840
1847
1840
1821
1829
1822
1827
1823
1898
1987
1983
1983
1966
1968
1988
1969
1989
1969
2091
2095
2071
2069
2105
2058
2083
1872
2082
2032
1981
1978
1967
1997
2007
1897
2034
1917
1929
1919
1902
1904
1904
1902
1881
1791
1781
1762
1726
1754
1746
1747
1747
1765
1738
1744
1650
1744
1759
1750
1762
1761
1759
1680
1673
1683
1680
1698
1659
1680
1695
1615
1701
1713
1714
1651
1746
1739
1766
1776
1791
1791
1819
1834
1853
1863
1891
1902
1911
1697
1650
1554
1761
1765
1787
1814
1813
1830
1821
1872
1851
1907
1921
1931
1947
1962
1978
1974
1985
2004
2000
2005
2039
2022
2025
1763
1835
1821
1871
1820
1714
1891
1919
1925
1921
1947
1957
1900
1969
1987
1994
1991
2003
2018
2035
2032
2037
2057
2062
2187
2187
1744
1798
1807
1818
1815
1841
1842
1871
1809
1909
1907
1939
1955
1968
1983
2006
2027
2011
2004
2045
2083
2130
2151
2160
2203
2318
2330
1713
1781
1740
1853
1870
1899
1935
1957
1989
2030
2066
2097
2110
2130
2166
2222
2247
2288
2332
2447
2467
2494
2541
2513
2559
2405
1840
1889
1934
1983
2027
2090
2114
2119
2091
2198
2304
2320
2381
2416
2441
2595
2608
2567
2675
2694
2713
2734
2738
2752
2766
2753
2065
2113
2178
2215
2262
2317
2368
2348
2445
2480
2499
2661
2647
2720
2757
2771
2801
2815
2826
2832
2834
2798
2852
2706
2847
2751
2178
2259
2304
2159
2384
2386
2397
2532
2588
2637
2662
2711
2652
2734
2753
2767
2790
2698
2701
2790
2794
2779
2778
2813
2758
2735
2161
2115
2171
2208
2267
2307
2343
2354
2495
2502
2483
2529
2546
2570
2576
2590
2570
2595
2578
2572
2559
2559
2559
2545
2530
2513
2497
2253
2279
2308
2326
2359
2496
2533
2551
2542
2592
2589
2602
2603
2607
2617
2622
2610
2611
2608
2576
2573
2571
2543
2531
2514
2427
1969
2069
2128
2187
2220
2218
2243
2289
2321
2395
2434
2506
2635
2654
2674
2695
2737
2753
2781
2768
2786
2806
2805
2838
2800
2815
1337
1392
1424
1459
1508
1552
1612
1651
1693
1739
1776
1808
1885
1936
2001
1978
2103
2165
2211
2255
2239
2359
2394
2432
2479
2521
790
785
786
794
805
819
845
855
864
848
900
879
890
961
951
976
1040
1123
1159
1198
1219
1259
1319
1370
1326
1445
1409
1557
1584
1676
1546
1584
1526
1479
1413
1373
1321
1265
1118
1089
1040
997
981
956
896
859
827
802
787
763
748
723
697
705
690
668
668
679
658
687
3384
3487
3508
3482
3453
3465
3318
3408
3343
3329
3216
3167
3152
3135
3152
3040
3063
3021
2977
2925
2880
2829
2711
2733
2667
2624
1042
1101
1105
1196
1221
1235
1261
1291
1415
1487
1503
1584
1632
1667
1714
1781
1838
1878
1935
1994
2043
2086
2113
2190
2256
2306
2338
2320
2277
2144
2117
2121
2063
2000
1947
1895
1814
1773
1727
1667
1626
1571
1495
1450
1407
1347
1289
1254
1202
1038
976
957
895
1770
1819
1793
1808
1863
1924
1991
2066
2108
2145
2190
2183
2189
2267
2352
2384
2425
2453
2628
2646
2688
2731
2769
2758
2835
2880
2913
2704
2688
2626
2593
2543
2493
2466
2413
2383
2337
2299
2247
2209
2165
2097
2092
2045
1983
1936
1904
1856
1805
1779
1729
1683
1499
368
388
394
444
450
477
493
520
542
581
567
603
621
643
688
688
725
721
763
817
838
880
880
912
938
971
1005
1023
1057
1077
1130
1141
3342
3334
3377
3367
3379
3395
3390
3447
3483
3461
3507
3522
3521
3547
3568
3539
3571
3470
3579
3611
3583
3604
3632
3631
3655
3498
2787
2781
2669
2710
2706
2687
2559
2546
2547
2523
2583
2569
2540
2480
2512
2494
2467
2446
2420
2417
2390
2370
2331
2331
2317
2269
890
881
866
880
853
835
837
832
807
816
801
784
754
775
780
757
763
746
720
736
720
722
710
589
689
686
692
679
679
678
657
674
654
656
599
606
592
598
624
608
605
595
624
622
631
621
612
624
639
597
624
633
638
640
569
647
656
653
652
640
562
597
652
666
669
657
677
898
898
894
893
892
902
899
751
912
915
912
897
911
914
937
845
934
938
944
930
933
940
945
953
939
951
973
956
963
959
795
955
950
962
1087
1071
1083
1083
1088
1087
1088
1097
1088
1082
1084
1094
1090
1104
1082
1101
1112
1105
1109
1104
1103
1116
1079
1111
1117
1105
1389
1399
1437
1405
1403
1421
1418
1430
1423
1452
1446
1459
1471
1453
1472
1469
1415
1425
1485
1495
1519
1525
1535
1542
1543
1545
2396
2410
2403
2362
2385
2426
2389
2475
2490
2497
2509
2650
2646
2671
2671
2696
2697
2710
2732
2727
2769
2773
2778
2810
2800
2813
3493
3517
3505
3499
3500
3477
3477
3474
3506
3407
3503
3513
3504
3472
3509
3475
3499
3486
3482
3471
3379
3461
3450
3423
3457
3344
3414
2268
2290
2256
2241
2235
2207
2199
2182
2140
2054
2074
2096
2074
1920
2032
2032
2000
1983
1959
1949
1907
1893
1887
1871
1849
1821
1106
1115
1141
1148
1155
1150
1201
1227
1211
1258
1264
1281
1299
1331
1346
1372
1303
1395
1450
1475
1488
1502
1546
1577
1594
1631
3410
3405
3386
3271
3372
3358
3312
3296
3270
3280
3307
3181
3251
3238
3216
3215
3205
3170
3161
3135
3106
3071
3061
3035
3019
2981
926
913
923
927
920
944
930
944
944
959
976
978
990
1008
1012
1038
1050
1078
1091
1123
1145
1159
1201
1219
1205
1239
1263
1338
1379
3088
3039
3021
2992
2961
2902
2874
2849
2800
2756
2709
2660
2569
2593
2542
2539
2491
2455
2431
2375
2341
2294
2239
2216
2191
2064
2257
2279
2202
2407
2399
2448
2572
2553
2775
2814
2864
2916
2960
3002
3041
3088
3129
3155
3211
3225
3273
3305
3345
3324
3378
3408
3418
925
958
979
997
989
999
1008
991
989
1057
1086
1109
1134
1149
1174
1211
1273
1277
1318
1345
1392
1403
1463
1492
1554
1584
1642
1905
1855
1803
1776
1722
1680
1627
1602
1531
1498
1454
1413
1383
1248
1182
1163
1121
1090
1071
973
977
1019
982
913
997
961
915
944
2688
2639
2598
2569
2515
2405
2398
2310
2320
2273
2219
2170
2102
2063
1975
1836
1904
1858
1814
1776
1727
1600
1551
1599
1571
1506
1471
2992
2897
2958
2931
2899
2867
2838
2806
2777
2719
2688
2657
2611
2577
2539
2462
2401
2384
2284
2299
2270
2212
2150
2033
1993
2000
2953
2905
2944
2881
2910
2907
2880
2864
2832
2803
2799
2768
2741
2695
2666
2633
2608
2559
2531
2495
2339
2406
2354
2322
2257
2223
2760
2748
2754
2752
2746
2725
2701
2695
2677
2624
2649
2613
2586
2546
2514
2495
2448
2419
2384
2354
2320
2270
2237
2211
2166
2131
2495
2471
2411
2481
2448
2438
2398
2384
2353
2345
2313
2291
2242
2238
2207
2178
2139
2100
2093
2061
2015
2008
1973
1942
1910
1887
2161
2138
2077
2103
2064
2022
2007
1995
1949
1923
1902
1890
1865
1843
1807
1809
1778
1765
1765
1742
1726
1710
1687
1618
1616
1453
1488
1693
1694
1671
1647
1601
1619
1588
1553
1442
1402
1398
1323
1360
1400
1395
1367
1394
1379
1395
1345
1398
1440
1439
1473
1413
1491
1294
1287
1281
1275
1296
1230
1226
1260
1303
1312
1328
1360
1352
1318
1325
1379
1456
1508
1525
1553
1601
1584
1610
1693
1757
1777
1084
1129
1152
1187
1227
1166
1309
1346
1374
1441
1486
1550
1583
1653
1689
1711
1745
1831
1823
1947
1939
2069
2010
2162
2211
2256
1658
1675
1778
1847
1890
1955
2032
2096
2086
2194
2237
2283
2311
2355
2439
2498
2541
2686
2725
2748
2762
2787
2793
2733
2835
2848
2183
2253
2295
2320
2354
2295
2406
2448
2602
2595
2597
2607
2623
2643
2633
2641
2618
2607
2606
2586
2576
2545
2503
2475
2463
2431
2386
2586
2583
2580
2575
2537
2535
2505
2489
2461
2439
2398
2362
2340
2299
2270
2249
2188
2149
2103
2096
2026
1811
1961
1895
1875
1831
2123
2107
2079
2057
2032
1991
1984
1953
1937
1905
1876
1874
1856
1840
1807
1795
1781
1749
1712
1563
1523
1511
1581
1583
1583
1558
1673
1681
1680
1677
1686
1666
1668
1671
1645
1667
1662
1654
1675
1673
1668
1669
1680
1697
1712
1521
1637
1743
1744
1744
1755
1770
1775
1781
1761
1792
1766
1793
1767
1789
1785
1731
1715
1675
1719
1738
1712
1746
1749
1740
1717
1713
1702
1715
1684
1691
1675
1678
1929
1922
1905
1856
1902
1879
1857
1843
1749
1829
1805
1781
1737
1727
1737
1744
1735
1731
1725
1703
1703
1692
1702
1675
1683
1661
1666
1610
1597
1599
1600
1569
1584
1600
1584
1582
1591
1609
1584
1600
1584
1616
1621
1668
1635
1649
1664
1670
1680
1687
1693
1722
1728
1744
1747
1771
1776
1774
1808
1712
1795
1793
1767
1783
1703
1750
1826
1840
1855
1837
1854
1831
1850
1856
1855
1851
1855
1844
1847
1825
1843
1851
1839
1829
1838
1822
1802
1733
1811
1797
1819
1797
1787
1823
1790
1787
1759
1779
1707
1715
1754
1773
1689
1759
1734
1746
1741
1744
1735
1731
1726
1723
1715
1719
1730
1738
1719
1739
1731
1728
1706
1706
1673
1664
1729
1748
1748
1753
1738
1767
1756
1696
1708
1633
1633
1627
1600
1685
1712
1654
1713
1678
1707
1718
1617
1731
1729
1754
1673
1765
1776
1769
1711
1791
1791
1799
1808
1803
1808
1808
1808
1830
1824
1813
1846
1839
1807
1851
1776
1845
1863
1872
1874
1904
1892
1875
1904
1926
1923
1914
1922
1918
1939
1936
1806
1812
1830
1839
1840
1666
1854
1778
1767
1782
1808
1839
1863
1897
1872
1904
1892
1851
1907
1872
1939
1920
1936
1829
1929
1921
1853
1849
1860
1842
1857
1872
1878
1874
1865
1871
1872
1872
1869
1872
1889
1898
1877
1885
1895
1885
1915
1901
1888
1905
1879
1905
1893
1869
1874
1890
1902
1840
1826
1819
1830
1885
1897
1883
1903
1872
1841
1840
1877
1884
1882
1890
1872
1891
1881
1897
1870
1887
1749
1792
1775
1818
1807
1826
1749
1829
1823
1829
1818
1824
1822
1758
1823
1814
1830
1828
1812
1811
1831
1820
1837
1830
1837
1834
1831
1818
1801
1765
1773
1762
1776
1771
1790
1811
1783
1769
1766
1766
1773
1786
1802
1797
1709
1795
1792
1792
1795
1742
1808
1799
1808
1893
1856
1818
1856
1845
1821
1839
1843
1829
1764
1851
1814
1838
1831
1837
1838
1840
1837
1827
1731
1828
1759
1773
1858
1829
1762
1861
1858
1862
1858
1858
1858
1867
1858
1862
1820
1822
1871
1861
1844
1865
1787
1844
1854
1846
1856
1808
1858
1840
1857
1856
1836
1899
1925
1903
1894
1906
1890
1904
1872
1909
1904
1891
1901
1891
1879
1903
1904
1890
1914
1893
1897
1888
1894
1918
1903
1890
1897
1893
1915
1879
1822
1887
1882
1880
1872
1869
1881
1852
1871
1761
1862
1873
1857
1831
1852
1872
1843
1726
1872
1867
1853
1853
1858
1864
1906
1903
1890
1861
1891
1877
1818
1891
1893
1893
1891
1872
1895
1895
1903
1897
1831
1848
1823
1815
1871
1872
1722
1847
1787
1879
1825
1840
1838
1831
1776
1755
1763
1827
1853
1857
1839
1861
1861
1856
1873
1857
1862
1841
1829
1889
1877
1898
1868
1805
1884
1888
1922
1873
1926
1867
1872
1925
1916
1906
1908
1910
1840
1908
1904
1904
1898
1890
1911
1904
1892
1888
1901
1881
1904
1886
1856
1882
1838
1822
1809
1822
1744
1781
1837
1837
1841
1835
1843
1840
1838
1846
1850
1842
1840
1835
1851
1853
1873
1799
1843
1860
1858
1877
1936
1927
1936
1938
1919
1936
1936
1941
1920
1941
1933
1933
1939
1855
1943
1930
1892
1936
1948
1941
1933
1937
1931
1943
1929
1936
1869
1922
1936
1933
1920
1916
1886
1917
1904
1921
1946
1914
1925
1905
1916
1916
1905
1915
1911
1918
1924
1731
1922
1902
1918
1915
1904
1872
1890
1862
1898
1837
1889
1809
1879
1886
1875
1882
1881
1873
1794
1883
1801
1886
1873
1873
1883
1867
1875
1873
1877
1882
1866
1877
1867
1883
1883
1830
1831
1815
1914
1888
1803
1870
1883
1873
1882
1879
1869
1871
1878
1786
1873
1875
1875
1883
1893
1866
1867
1878
1870
1863
1879
1894
1897
1904
1892
1841
1829
1859
1834
1876
1871
1891
1917
1903
1899
1872
1895
1909
1904
1904
1925
1847
1871
1946
1938
1938
1954
1958
1941
1956
1933
1950
1957
1952
1951
1885
1941
1964
1946
1939
1942
1963
1947
1935
1872
1938
1943
1945
1955
1949
1859
1943
1933
1927
1922
1928
1935
1922
1936
1929
1942
1918
1921
1902
1926
1904
1903
1916
1921
1919
1909
1920
1903
1891
1905
1898
1846
1851
1863
1846
1856
1769
1840
1854
1856
1847
1824
1856
1855
1829
1863
1863
1795
1860
1872
1807
1869
1862
1871
1872
1871
1877
1967
1948
1957
1966
1955
1961
1965
1946
1940
1759
1949
1894
1894
1915
1952
1872
1870
1967
1952
1927
1939
1968
1942
1939
1930
1931
1822
1825
1839
1837
1826
1831
1840
1850
1833
1840
1837
1856
1846
1854
1854
1872
1861
1859
1856
1859
1870
1867
1882
1863
1879
1887
1904
1890
1895
1893
1890
1903
1886
1904
1887
1865
1883
1841
1870
1869
1873
1879
1887
1875
1871
1872
1870
1874
1869
1881
1872
1870
1870
1937
1947
1943
1936
1942
1940
1956
1935
1938
1937
1936
1845
1866
1837
1858
1893
1936
1936
1921
1919
1937
1911
1929
1907
1935
1936
1895
1885
1904
1902
1842
1891
1834
1806
1793
1827
1872
1887
1882
1835
1797
1809
1837
1822
1808
1809
1879
1799
1873
1872
1878
1835
1926
1869
1908
1890
1827
1901
1889
1904
1904
1902
1891
1862
1903
1887
1904
1904
1887
1856
1900
1824
1883
1901
1902
1897
1843
1831
1865
1855
1856
1851
1797
1751
1826
1803
1823
1838
1845
1830
1842
1851
1821
1827
1838
1847
1853
1840
1843
1840
1834
1840
1840
1852
1795
1838
1811
1814
1825
1765
1822
1812
1834
1817
1743
1765
1797
1661
1807
1809
1803
1823
1831
1727
1777
1837
1802
1798
1830
1839
1833
1840
1848
1830
1840
1870
1855
1885
1871
1872
1894
1904
1898
1904
1875
1905
1908
1938
1939
1953
1924
1968
1965
1981
1981
1983
1984
1982
1968
1973
1979
1957
1979
1989
1984
1889
1984
1952
1979
1975
1963
1970
1971
1968
1957
1970
1984
1955
1961
1946
1915
1950
1936
1793
1869
1849
1859
1859
1850
1862
1845
1809
1808
1840
1844
1854
1840
1849
1835
1847
1826
1849
1855
1841
1853
1846
1855
1855
1840
1895
1913
1919
1921
1927
1933
1935
1958
1956
1966
1940
1964
1969
1968
1998
1967
1968
1979
1968
1999
1954
1987
1983
1981
1978
1987
1955
1977
1977
1970
1983
1926
1911
1867
1958
1891
1957
1953
1963
1959
1961
1963
1962
1942
1936
1855
1941
1883
1872
1872
1855
1885
1864
1911
1885
1876
1868
1895
1852
1882
1878
1856
1851
1825
1827
1826
1794
1808
1793
1802
1791
1791
1783
1739
1776
1770
1783
1775
1808
1777
1764
1808
1831
1856
1866
1797
1885
1922
1937
1932
1952
1969
2000
2025
2035
2038
2047
2074
2083
2064
2107
2123
2099
2123
2117
1999
1966
1989
1982
1983
1968
1947
1952
1935
1926
1927
1918
1899
1819
1823
1805
1808
1857
1843
1865
1857
1843
1844
1866
1842
1851
1977
1935
1974
2026
2017
1991
1967
2036
2042
2028
2032
2033
2074
2045
2039
2062
2047
2024
2035
2036
2028
2030
2015
1936
2016
2001
1798
1783
1780
1806
1777
1775
1757
1766
1761
1777
1763
1761
1744
1725
1750
1744
1778
1586
1759
1760
1759
1775
1776
1712
1791
1778
1794
1911
1943
1926
1907
1814
1887
1879
1873
1872
1778
1782
1841
1831
1827
1819
1809
1801
1818
1792
1801
1813
1813
1815
1808
1806
1799
1611
1594
1603
1566
1617
1635
1648
1639
1598
1626
1706
1665
1716
1746
1769
1777
1792
1807
1823
1867
1872
1887
1895
1934
1947
1947
2158
2167
2096
2211
2216
2222
2194
2244
2239
2256
2288
2288
2289
2290
2288
2284
2285
2223
2384
2355
2317
2259
2307
2311
2256
2275
2160
2159
2160
2161
2139
2129
2128
2099
2085
2089
1984
1968
2016
2021
1987
1968
1955
1921
1914
1881
1867
1839
1821
1804
1808
1770
1997
1994
1970
1957
1918
1948
1923
1918
1915
1872
1873
1855
1799
1844
1849
1842
1851
1829
1787
1776
1776
1845
1831
1830
1829
1771
1823
1743
1833
1795
1789
1793
1782
1758
1794
1783
1793
1776
1789
1786
1791
1794
1785
1787
1792
1776
1799
1794
1793
1792
1789
1791
1777
2022
2031
2027
2020
1999
2030
2012
2015
2015
2032
2011
2014
2001
2001
2007
1968
1959
1955
1955
1962
1951
1939
1922
1920
1903
1904
2302
2277
2272
2258
2203
2230
2219
2209
2176
2157
2135
2099
2095
2066
2032
2042
2027
2001
1990
2395
1823
1805
1797
1703
1777
1758
2202
2175
2151
2122
2098
2082
2047
1981
1994
1968
1958
1925
1904
1901
1712
1726
1682
1678
1686
1659
1651
1643
1631
1629
1609
1594
2106
2001
1975
1999
1981
1978
1869
1927
1930
1886
1886
1767
1699
1681
1680
1659
1645
1627
1619
1599
1616
1584
1579
1591
1591
1566
1582
1989
1989
1943
1930
1917
1787
1718
1745
1751
1729
1718
1694
1718
1680
1662
1670
1665
1600
1655
1645
1638
1601
1639
1600
1641
1648
1916
1966
1935
1919
2067
1778
1754
1732
1723
1694
1677
1675
1667
1637
1639
1627
1621
1619
1606
1603
1595
1589
1599
1603
1600
1598
2160
2167
2134
2101
2071
2057
2017
2013
1982
1968
1920
1921
1882
1879
1867
1760
1707
1682
1660
1626
1593
1616
1601
1532
1552
1584
2574
2555
2551
2544
2516
2511
2501
2497
2479
2458
2432
2407
2378
2267
2291
2315
2291
2282
2262
2230
2190
2174
2135
2123
2099
2071
2266
2271
2305
2306
2423
2446
2433
2448
2471
2469
2480
2480
2495
2512
2507
2484
2511
2531
2529
2523
2533
2527
2544
2519
2517
2533
2518
1628
1654
1676
1680
1680
1731
1728
1760
1775
1779
1794
1840
1847
1869
1890
1915
1930
1951
2003
1972
2001
2029
2045
2045
2079
2090
1872
1842
1823
1827
1774
1648
1633
1603
1591
1374
1559
1535
1519
1481
1484
1441
1427
1335
1410
1399
1401
1376
1374
1357
1361
1348
2480
2492
2465
2497
2512
2512
2497
2513
2509
2503
2524
2518
2529
2527
2518
2513
2549
2546
2523
2571
2529
2519
2431
2433
2430
2491
1264
1239
1258
1255
1259
1168
1227
1181
1256
1233
1161
1158
1225
1239
1243
1249
1168
1261
1241
1288
1275
1245
1262
1279
1294
1283
2447
2351
2448
2459
2475
2463
2462
2459
2479
2475
2481
2493
2492
2445
2403
2472
2454
2480
2497
2469
2443
2433
2444
2479
2460
2449
2492
1933
1885
1808
1792
1767
1776
1758
1758
1735
1731
1735
1716
1704
1701
1638
1599
1563
1615
1616
1613
1648
1623
1626
1619
1598
1605
1431
1521
1491
1490
1456
1526
1550
1553
1594
1568
1589
1584
1595
1614
1598
1601
1609
1600
1609
1583
1606
1639
1631
1643
1655
1658
1904
1952
1885
1952
1943
1953
1954
1943
1959
1967
1905
1973
1974
1978
1968
1967
1972
1933
1969
1956
1963
1985
1984
1903
1970
1973
1931
1971
1968
1982
1968
1978
1971
1978
1973
1984
1973
1983
1968
1968
1981
1974
1932
1932
1920
1961
1920
1969
1984
1965
1984
1959
1980
1991
1972
1990
1973
1982
1970
1975
1981
1997
1973
1989
1971
1979
1970
2005
1915
1975
1989
1984
1957
1981
1973
1969
1808
1997
1990
2001
1994
1987
1987
1985
1991
2000
1991
1979
1989
1978
2000
1954
1907
1905
1963
1971
1982
1793
1987
1978
1977
1948
1971
1984
1968
1948
1940
1983
1961
1965
1957
1943
1951
1811
1892
1904
1936
1955
1939
1946
1957
1935
1946
1964
1956
1951
1939
1957
1943
1947
1975
1927
1937
1897
1936
1935
1934
1900
1890
1862
1938
1911
1946
1939
1936
1921
1957
1925
1926
1905
1899
1915
1855
1927
1860
1791
1954
1789
1813
1795
1798
1808
1807
1799
1814
1806
1790
1802
1769
1791
1778
1766
1783
1779
1776
1763
1597
1765
1751
1774
1732
1743
1739
1584
1587
1581
1632
1590
1591
1594
1586
1604
1595
1616
1614
1606
1606
1610
1621
1605
1585
1584
1610
1613
1623
1635
1559
1648
1651
1696
2297
2299
2304
2297
2323
2291
2311
2332
2322
2335
2279
2288
2350
2339
2272
2286
2358
2377
2378
2382
2386
2385
2390
2386
2220
2407
2153
2151
2134
2062
2099
2098
2083
2069
2062
2041
2021
1952
2002
1910
1975
1964
1936
1877
1918
1917
1898
1814
1813
1852
1671
1703
1665
1671
1706
1682
1732
1758
1746
1776
1777
1793
1835
1841
1858
1873
1862
1920
1926
1906
1905
1968
1978
2009
1826
2044
2062
2070
2252
2229
2219
2193
2139
2160
2155
2112
2018
2075
2064
2042
2023
2013
1981
1962
1922
1904
1905
1865
1841
1834
1821
1797
1754
1751
2224
2226
2253
2240
2265
2302
2419
2439
2450
2461
2461
2487
2498
2511
2506
2512
2526
2538
2463
2541
2480
2576
2554
2590
2586
2583
2591
1201
1207
1204
1199
1218
1231
1227
1219
1246
1253
1270
1319
1296
1299
1325
1334
1367
1385
1410
1435
1456
1488
1511
1548
1569
1590
2171
2129
1914
2064
2045
2009
1907
1914
1920
1855
1867
1827
1764
1703
1665
1701
1686
1616
1643
1491
1472
1456
1429
1403
1398
1382
2597
2596
2582
2579
2576
2559
2540
2534
2515
2527
2486
2486
2455
2432
2407
2395
2368
2337
2320
2295
2286
2246
2229
2224
2173
2145
2474
2475
2440
2447
2485
2407
2483
2509
2498
2485
2508
2487
2521
2486
2477
2461
2473
2463
2443
2434
2407
2397
2375
2369
2353
2337
2511
2517
2546
2537
2598
2599
2615
2585
2627
2636
2576
2640
2576
2643
2635
2667
2593
2636
2598
2618
2592
2576
2559
2544
2521
2522
2492
2240
2192
2225
2314
2348
2465
2494
2512
2512
2507
2559
2570
2570
2595
2506
2594
2603
2618
2529
2517
2589
2592
2493
2546
2539
2534
2117
2146
2176
2176
2185
2214
2226
2368
2318
2377
2379
2355
2343
2368
2364
2398
2398
2397
2397
2388
2379
2375
2352
2275
2339
2335
2033
2028
2032
2041
2134
2139
2126
2108
2112
2107
2128
2113
2111
2096
2096
2081
2058
2043
2057
2017
1997
2023
1981
1966
1970
1957
2011
1995
1998
1965
1863
1936
1934
1913
1885
1861
1843
1856
1845
1835
1823
1744
1798
1657
1657
1610
1607
1610
1642
1638
1591
1593
1910
1889
1891
1798
1855
1832
1767
1793
1809
1711
1785
1678
1673
1616
1645
1661
1584
1680
1667
1676
1687
1707
1699
1713
1732
1741
1742
1543
1535
1533
1507
1546
1531
1535
1529
1553
1572
1567
1566
1567
1523
1535
1571
1584
1584
1631
1666
1655
1680
1689
1704
1719
1744
1628
1617
1633
1641
1648
1659
1669
1681
1694
1712
1729
1743
1744
1755
1794
1787
1739
1765
1881
1862
1847
1904
1906
1936
1958
1968
1562
1584
1595
1603
1606
1611
1648
1681
1687
1723
1741
1745
1744
1746
1781
1808
1827
1852
1856
1889
1899
1919
1873
1901
1954
1968
1987
2011
2023
2032
2064
2081
2098
2092
2112
2096
2112
2110
2112
2217
2148
2214
2167
2178
2180
2176
2155
2158
2131
2127
2102
2096
2263
2268
2235
2237
2227
2206
2183
2190
2165
2139
2128
2110
2108
2076
2065
1872
2019
2023
1986
2015
1939
1925
1904
1825
1904
1876
1861
1695
1670
1599
1683
1674
1622
1635
1680
1675
1645
1684
1695
1695
1702
1680
1707
1728
1727
1739
1741
1744
1705
1755
1763
1773
1785
1763
1833
1845
1831
1852
1856
1853
1851
1873
1865
1872
1858
1869
1872
1856
1869
1859
1841
1835
1840
1849
1818
1821
1823
1826
1814
1838
1754
1813
1799
1786
1751
1783
1762
1767
1743
1693
1743
1708
1728
1746
1647
1743
1734
1739
1712
1729
1753
1746
1769
1760
1765
1636
1648
1665
1685
1665
1706
1712
1714
1718
1744
1758
1767
1777
1803
1797
1801
1808
1840
1840
1840
1866
1867
1869
1872
1895
1821
1914
1911
1873
1901
1827
1913
1903
1892
1873
1877
1880
1855
1855
1869
1840
1797
1782
1808
1726
1781
1782
1776
1759
1751
1743
1747
1750
1781
1839
1841
1845
1861
1840
1840
1854
1872
1838
1827
1823
1826
1846
1857
1855
1878
1855
1863
1863
1818
1839
1893
1712
1886
1889
1770
1771
1757
1774
1778
1755
1779
1798
1790
1788
1779
1787
1788
1793
1783
1777
1786
1783
1789
1782
1791
1795
1759
1781
1792
1777
1859
1847
1903
1859
1843
1859
1815
1841
1806
1818
1775
1779
1755
1755
1829
1824
1830
1821
1836
1815
1823
1663
1826
1805
1734
1759
1780
1775
1803
1790
1771
1792
1761
1761
1781
1803
1786
1792
1820
1791
1811
1795
1801
1801
1806
1811
1818
1822
1789
1822
1874
1838
1792
1869
1862
1870
1873
1879
1868
1883
1903
1879
1883
1896
1885
1901
1890
1897
1883
1883
1870
1891
1871
1871
1887
1853
1868
1874
1856
1856
1859
1872
1861
1843
1855
1855
1852
1835
1776
1817
1840
1827
1841
1813
1840
1830
1814
1818
1855
1802
1798
1793
1800
1782
1799
1958
1840
1943
1879
1873
1893
1920
1872
1902
1904
1898
1874
1893
1859
1872
1851
1861
1853
1859
1841
1834
1823
1822
1808
1797
1808
1895
1811
1872
1870
1873
1869
1849
1860
1842
1851
1829
1847
1827
1817
1822
1807
1809
1805
1801
1797
1783
1785
1787
1765
1776
1771
1917
1901
1885
1888
1898
1892
1877
1872
1831
1858
1843
1821
1821
1771
1840
1838
1839
1815
1818
1773
1806
1799
1805
1808
1797
1786
1874
1883
1763
1889
1855
1869
1853
1855
1856
1869
1825
1880
1817
1839
1796
1856
1857
1857
1870
1863
1856
1875
1872
1781
1867
1843
1857
1893
1910
1889
1904
1892
1884
1879
1875
1842
1873
1879
1891
1881
1877
1817
1815
1835
1873
1857
1874
1874
1878
1877
1872
1882
1862
1889
1893
1885
1874
1872
1882
1875
1735
1889
1904
1901
1932
1872
1907
1841
1709
1883
1887
1898
1903
1888
1889
1837
1895
1843
1849
1886
1889
1874
1891
1883
1873
1840
1872
1872
1890
1869
1881
1872
1883
1875
1875
1875
1875
1871
1870
1873
1872
1872
1871
1866
1881
1857
1875
1879
1874
1870
1893
1875
1893
1895
1859
1890
1882
1888
1904
1889
1886
1878
1894
1863
1809
1904
1884
1904
1891
1900
1904
1846
1857
1851
1846
1843
1852
1843
1845
1840
1852
1830
1840
1847
1853
1837
1865
1845
1859
1843
1838
1853
1840
1856
1845
1856
1839
1847
1930
1920
1881
1911
1917
1915
1922
1910
1925
1909
1884
1926
1847
1924
1946
1905
1922
1835
1915
1923
1910
1919
1922
1927
1936
1885
1858
1855
1865
1871
1856
1866
1859
1858
1855
1835
1852
1846
1851
1840
1853
1862
1845
1863
1779
1866
1849
1857
1860
1860
1862
1842
1872
1895
1905
1896
1883
1884
1807
1895
1885
1883
1883
1886
1867
1887
1873
1888
1885
1897
1840
1859
1874
1837
1831
1885
1894
1895
1891
1909
1903
1882
1887
1887
1888
1875
1851
1897
1895
1889
1903
1844
1849
1895
1808
1884
1872
1766
1895
1882
1870
1885
1906
1899
1875
1885
1877
1862
1846
1840
1874
1872
1871
1885
1872
1879
1888
1887
1877
1872
1810
1872
1868
1846
1847
1872
1876
1837
1840
1885
1873
1792
1877
1859
1883
1879
1869
1877
1868
1887
1875
1872
1871
1887
1890
1879
1881
1872
1872
1886
1878
1902
1872
1872
1863
1872
1881
1879
1887
1873
1889
1873
1887
1875
1889
1887
1876
1886
1892
1904
1872
1873
1881
1862
1875
1876
1892
1893
1872
1891
1872
1890
1889
1872
1886
1887
1853
1879
1887
1878
1888
1870
1846
1862
1866
1890
1898
1885
1885
1886
1893
1933
1885
1889
1891
1899
1822
1889
1898
1889
1817
1837
1898
1888
1878
1835
1892
1878
1872
1891
1903
1887
1896
1876
1885
1892
1894
1887
1885
1889
1936
1885
1879
1888
1875
1861
1862
1850
1854
1870
1861
1863
1858
1849
1862
1861
1870
1856
1872
1858
1870
1840
1849
1877
1857
1862
1863
1854
1867
1877
1865
1861
1871
1847
1828
1846
1881
1875
1914
1885
1905
1889
1883
1901
1891
1903
1904
1911
1906
1903
1858
1894
1902
1913
1827
1905
1902
1886
1851
1852
1861
1856
1854
1841
1863
1872
1879
1855
1867
1872
1841
1819
1854
1886
1863
1867
1872
1813
1877
1840
1875
1851
1887
1887
1923
1925
1915
1927
1913
1907
1904
1895
1882
1899
1917
1910
1877
1903
1909
1902
1899
1897
1795
1899
1846
1897
1872
1891
1894
1873
1783
1919
1914
1899
1886
1921
1903
1920
1919
1926
1931
1934
1918
1909
1917
1930
1919
1934
1914
1923
1936
1930
1915
1893
1931
1926
1857
1876
1909
1901
1916
1915
1912
1903
1906
1917
1915
1921
1921
1917
1936
1924
1932
1927
1939
1930
1924
1933
1934
1933
1921
1922
1936
1903
1874
1895
1911
1907
1920
1905
1907
1909
1919
1919
1918
1903
1919
1877
1824
1922
1836
1907
1918
1936
1913
1924
1936
1902
1918
1923
1910
1946
1907
1936
1921
1915
1890
1914
1922
1926
1920
1916
1822
1904
1915
1911
1921
1914
1897
1910
1920
1922
1926
1911
1918
1939
1942
1955
1904
1968
1954
1967
1957
1967
1968
1971
1939
1892
1980
1966
1988
1873
1971
1968
1968
1954
1981
1920
1966
1968
1977
1963
1978
1943
1966
1985
1984
1983
1981
1907
1986
1997
1933
1912
1981
1994
1991
1999
1987
1978
1979
1974
1985
1979
1969
1973
1946
2097
2098
2096
2096
2096
2117
2083
2082
2099
2085
2096
2095
2083
2064
2043
2052
2047
2029
1943
2014
2003
1917
1947
1983
1975
1961
1957
1909
1920
1911
1695
1904
1894
1877
1908
1879
1863
1877
1860
1849
1861
1866
1854
1847
1856
1857
1853
1853
1837
1840
1842
1843
1847
1895
1914
1916
1917
1920
1929
1841
1929
1879
1879
1911
1913
1931
1941
1767
1930
1962
1936
1949
1952
1953
1936
1946
1965
1936
1953
1872
1915
1911
1881
1911
1869
1911
1881
1909
1904
1914
1910
1897
1903
1887
1910
1891
1887
1883
1902
1893
1808
1904
1879
1898
1898
1968
1968
1969
1982
1968
1980
1969
1969
2025
1981
1986
1981
1984
1984
1985
1994
2002
2001
2004
2000
2017
1988
1999
1997
1989
1987
1850
1801
1824
1825
1759
1808
1806
1650
1791
1770
1741
1733
1765
1737
1749
1773
1751
1677
1665
1697
1743
1727
1728
1776
1737
1680
1714
1870
1870
1879
1889
1913
1930
1933
1956
1968
1987
2009
1997
1989
2028
2013
2064
2064
2079
2096
2102
2109
2123
2111
2127
2126
2135
2042
2035
2079
2158
2151
2121
2117
2103
2059
2070
2069
2060
2054
2034
2009
2003
1994
1991
1967
1967
1957
1983
2502
1830
1836
1807
1923
1913
1927
1918
1920
1927
1924
1919
1936
1919
1925
1959
1931
1919
1916
1920
1906
1937
1905
1906
1894
1906
1888
1886
1890
1872
2110
2106
2091
2091
1991
1983
2059
1957
2031
2033
1898
2017
1995
2006
2012
2007
1985
1991
1870
1969
1916
2002
1899
1840
1809
1918
1853
1897
1918
1907
1935
1934
1942
1951
1945
1923
1971
1958
1996
1887
1989
1991
1989
1997
2014
2020
2013
1947
1975
2033
2015
1983
1980
1579
1742
1763
1750
1776
1802
1821
1841
1886
1873
1913
1897
1943
1971
1990
1883
2064
2081
2108
2128
2163
2192
2164
2223
2233
2253
2254
2263
2285
2414
2345
2405
2420
2368
2366
2395
2389
2378
2345
2343
2341
2290
2258
2240
2189
2160
2144
2087
2063
2013
1968
1931
2174
2131
2089
2026
1995
1859
1904
1856
1808
1784
1721
1686
1651
1603
1594
1566
1527
1955
1392
1381
1327
1251
1369
1364
1374
1393
1488
1383
1516
1506
1519
1517
1507
1471
1466
1571
1591
1602
1623
1645
1703
1717
1729
1773
1727
1819
1858
1886
1901
1879
1949
1985
1910
1933
1938
1943
1968
1935
2015
2007
1929
2017
2047
2064
2064
2043
2061
2019
2096
2167
2178
2171
2178
2128
2142
2068
2134
2127
2139
2047
2031
2024
2007
1979
1984
1830
1964
1911
1895
1897
1888
1872
1866
1868
1838
1776
1741
1759
1795
1796
1623
1671
1582
1660
1585
1711
1667
1661
1569
1490
1515
1507
1504
1510
1502
1488
1476
1483
1505
1507
1505
1515
1535
1546
1502
1556
1533
1607
1637
1655
1678
1391
1311
1317
1394
1365
1428
1430
1439
1485
1488
1494
1511
1552
1578
1586
1557
1651
1666
1713
1731
1770
1798
1817
1835
1873
1927
1361
1341
1364
1381
1440
1442
1469
1329
1534
1562
1590
1624
1643
1679
1723
1737
1771
1811
1831
1877
1911
1946
1961
2019
2047
2099
1407
1417
1436
1459
1488
1513
1545
1583
1601
1638
1667
1648
1677
1744
1728
1824
1857
1904
1939
1977
2016
2078
2073
2123
2139
2097
2217
1328
1306
1342
1347
1377
1403
1431
1431
1465
1510
1552
1570
1583
1625
1666
1691
1744
1774
1803
1828
1875
1914
1941
1994
2013
2064
1203
1207
1200
1217
1221
1229
1201
1060
1238
1246
1263
1283
1296
1296
1311
1370
1302
1345
1403
1390
1447
1487
1437
1554
1510
1550
1671
1627
1469
1556
1507
1479
1435
1573
1277
1264
1243
1170
1173
1182
1159
1118
1110
1127
1110
1065
1003
960
994
1058
1067
999
1097
2672
2653
2618
2617
2579
2529
2487
2442
2442
2416
2369
2343
2167
2294
2247
2187
2174
2139
2093
2064
2022
1887
1879
1898
1854
1792
2176
2221
2242
2245
2307
2350
2474
2501
2528
2559
2590
2621
2621
2668
2656
2707
2729
2736
2743
2768
2803
2797
2801
2822
2827
2832
1073
1081
1058
1061
1043
1078
1072
1046
1065
1069
1053
1051
1047
1042
1088
1006
1011
1107
1088
1132
1139
1151
1190
1211
1216
1167
2767
2765
2753
2759
2736
2679
2733
2706
2669
2687
2659
2647
2640
2603
2599
2578
2545
2539
2513
2493
2479
2459
2423
2403
2366
2358
2332
1205
1221
1222
1248
1265
1274
1283
1294
1331
1328
1347
1408
1392
1330
1424
1408
1455
1467
1445
1479
1495
1533
1568
1589
1609
1603
2678
2669
2669
2699
2657
2672
2631
2656
2629
2650
2647
2645
2643
2624
2615
2608
2585
2566
2576
2471
2546
2523
2538
2445
2491
2499
1110
1105
1106
1106
1095
1098
1091
1087
1090
1127
1088
1098
1077
1079
1088
1066
1072
1087
1074
1103
1083
1090
1067
1011
1002
1100
1866
1867
1889
1898
1906
1917
1922
1920
1930
1959
1954
1959
2003
1977
2012
2012
2011
2042
2058
2058
2071
2077
2077
2190
2211
2164
2384
2471
2471
2449
2478
2452
2467
2429
2462
2454
2471
2462
2469
2445
2437
2426
2434
2449
2410
2362
2465
2452
2466
2448
2457
2448
2383
2230
2255
2273
2274
2276
2281
2257
2256
2259
2243
2253
2193
2245
2256
2257
2246
2240
2238
2241
2230
2224
2243
2218
2235
2218
2225
2005
1939
2065
2004
2003
2061
2089
2061
2055
2080
2085
2062
2045
2079
2064
2069
2039
2080
2037
2039
1991
2064
2066
2000
2069
2077
2141
2128
2143
2160
2155
2155
2081
2064
2122
2161
2157
2163
2162
2161
2107
2096
2147
2160
2192
2186
2178
2192
2181
2181
2197
2194
2320
2319
2301
2303
2307
2315
2304
2325
2310
2276
2261
2305
2327
2338
2317
2309
2305
2267
2265
2275
2274
2323
2315
2320
2311
2316
2000
1954
1987
1906
1977
1964
1947
1921
1897
1892
1924
1904
1924
1878
1893
1903
1898
1899
1875
1859
1868
1856
1827
1834
1818
1829
1818
1168
1168
1152
1066
1155
1046
1142
1162
1150
1095
1115
1116
1151
1136
1142
1097
1133
1119
1111
1125
1135
1121
1104
1121
1131
1103
1425
1454
1441
1510
1516
1535
1566
1568
1595
1623
1611
1635
1629
1661
1663
1680
1677
1706
1729
1719
1744
1763
1765
1799
1806
1830
2432
2448
2438
2413
2411
2385
2388
2385
2377
2320
2323
2334
2322
2283
2298
2288
2271
2239
2255
2243
2195
2193
2098
2089
2145
2155
1189
1214
1190
1209
1175
1200
1214
1216
1213
1219
1214
1223
1131
1219
1234
1223
1243
1261
1200
1266
1280
1290
1258
1210
1227
1264
2290
2447
2431
2421
2433
2426
2423
2391
2370
2398
2384
2370
2368
2347
2334
2289
2321
2315
2211
2313
2256
2237
2228
2223
2217
2198
2164
1341
1422
1276
1424
1426
1425
1456
1472
1479
1424
1514
1520
1488
1565
1551
1581
1610
1565
1650
1667
1637
1674
1730
1666
1761
1789
1934
1875
1889
1893
1873
1870
1851
1757
1747
1751
1669
1632
1651
1647
1625
1627
1607
1591
1583
1586
1574
1568
1563
1552
1520
1534
2304
2313
2305
2294
2292
2295
2283
2257
2101
2271
2256
2229
2226
2240
2214
2198
2183
2171
2143
2109
2112
2113
2110
2081
2093
2069
2044
1968
2077
2055
2103
2114
2119
2134
2179
2125
2179
2225
2336
2365
2303
2333
2374
2398
2377
2395
2384
2395
2366
2385
2409
2415
1655
1664
1689
1696
1730
1744
1742
1765
1801
1802
1825
1840
1866
1902
1855
1922
1939
1957
1978
1997
2015
2028
2077
2085
2091
2141
2111
1617
1623
1638
1633
1652
1625
1663
1664
1487
1691
1712
1709
1722
1744
1761
1754
1808
1811
1815
1799
1840
1861
1881
1899
1920
1929
1715
1664
1718
1730
1757
1742
1750
1767
1779
1783
1811
1837
1850
1845
1872
1880
1902
1917
1933
1937
1957
1984
1956
2001
2021
2024
1695
1722
1750
1758
1763
1760
1611
1808
1815
1820
1841
1852
1883
1872
1745
1954
1919
1934
1926
2001
1961
1999
2079
2087
2097
2128
1663
1668
1680
1685
1639
1711
1677
1767
1786
1755
1813
1764
1871
1840
1886
1869
1891
1980
1984
1995
2021
2036
2079
2113
2110
2148
1600
1646
1659
1693
1691
1730
1715
1673
1698
1772
1794
1843
1855
1858
1891
1923
1930
1939
1955
1969
1989
2007
2019
2001
2047
2069
2069
1839
1854
1846
1879
1871
1903
1904
1915
1931
1943
1946
1967
1966
1980
1971
2001
2000
1962
1963
2022
2007
2017
2023
2039
2019
2018
1846
1894
1907
1840
1831
1801
1899
1882
1902
1879
1902
1920
1900
1907
1899
1888
1899
1904
1798
1875
1888
1879
1818
1826
1827
1879
1763
1751
1748
1762
1743
1749
1734
1725
1735
1737
1731
1726
1717
1713
1716
1728
1717
1702
1623
1737
1747
1730
1751
1760
1762
1771
1626
1564
1553
1600
1525
1600
1599
1606
1610
1615
1614
1633
1627
1627
1642
1600
1663
1673
1681
1679
1719
1728
1739
1687
1781
1744
1611
1610
1607
1607
1640
1644
1631
1662
1670
1680
1675
1712
1715
1696
1705
1738
1768
1799
1760
1829
1858
1883
1873
1905
1927
1931
1936
1889
1919
1938
1969
1986
1995
2032
2039
2035
2096
2115
2119
2144
2170
2178
2199
2219
2202
2240
2240
2251
2263
2277
2186
2259
2384
1929
1876
1931
1952
1941
1911
1917
1910
2010
1971
1963
2018
2006
2011
2023
1968
2029
2032
2032
2047
1965
2029
2000
2028
2019
2005
1880
1804
1796
1895
1889
1893
1873
1891
1899
1901
1883
1884
1900
1891
1891
1798
1903
1903
1853
1890
1898
1890
1888
1893
1871
1882
2065
2063
2073
2064
2071
2064
2079
2064
2066
2020
2032
2061
2057
2047
2054
2038
2023
2033
2018
2025
2001
1981
2004
1995
1975
1965
1968
1979
1975
1983
1977
1971
1963
1962
1938
1939
1939
1919
1926
1902
1905
1891
1873
1888
1867
1869
1856
1845
1844
1787
1668
1831
1805
1904
1897
1841
1744
1894
1847
1887
1837
1873
1882
1856
1876
1883
1879
1904
1888
1878
1872
1868
1876
1893
1876
1887
1889
1891
1872
1795
1803
1821
1743
1812
1824
1798
1834
1839
1850
1839
1853
1856
1872
1878
1862
1825
1872
1889
1875
1904
1910
1899
1904
1906
1904
2000
1999
2001
1971
1987
2021
2021
2023
2037
2039
2034
2022
1982
2018
2029
2037
2026
2037
2054
2026
2005
2012
2013
2011
2000
1999
1942
1983
1959
1971
1810
1962
1948
1943
1936
1957
1935
1909
1915
1827
1904
1914
1875
1861
1871
1840
1826
1840
1823
1811
1791
1790
1872
1841
1834
1849
1872
1854
1840
1846
1853
1840
1827
1823
1809
1818
1808
1802
1788
1745
1766
1803
1801
1792
1774
1778
1775
1773
1795
1899
1854
1882
1901
1895
1894
1890
1889
1795
1719
1878
1857
1860
1859
1881
1877
1875
1885
1885
1887
1923
1882
1870
1890
1887
1893
1855
1847
1853
1841
1851
1851
1862
1868
1856
1855
1858
1885
1865
1887
1882
1872
1883
1886
1900
1885
1887
1898
1906
1901
1904
1916
1879
1887
1865
1856
1790
1858
1851
1869
1872
1839
1875
1808
1853
1872
1808
1856
1842
1833
1872
1793
1843
1886
1854
1872
1873
1856
1872
1867
1873
1891
1898
1873
1890
1875
1879
1856
1867
1872
1874
1852
1854
1813
1854
1865
1870
1824
1861
1894
1847
1794
1855
1852
1937
1935
1929
1936
1939
1895
1925
1933
1930
1923
1936
1937
1943
1926
1856
1906
1899
1925
1866
1905
1921
1932
1923
1917
1910
1902
1891
1884
1881
1903
1904
1900
1904
1894
1902
1906
1873
1929
1908
1872
1890
1917
1914
1931
1923
1929
1936
1920
1931
1920
1954
1921
1909
1786
1801
1786
1808
1808
1802
1808
1802
1813
1816
1819
1828
1830
1811
1793
1821
1744
1827
1848
1847
1834
1811
1853
1862
1850
1854
1840
1842
1853
1834
1840
1673
1839
1840
1845
1839
1806
1840
1838
1749
1808
1826
1813
1813
1824
1821
1826
1805
1823
1810
1808
1818
1794
1857
1865
1844
1864
1862
1845
1853
1787
1854
1840
1838
1793
1828
1803
1806
1869
1861
1878
1869
1863
1872
1872
1866
1866
1868
1808
1842
1846
1861
1851
1855
1840
1841
1866
1847
1851
1859
1852
1807
1803
1798
1839
1809
1855
1845
1844
1847
1821
1830
1854
1839
1837
1861
1841
1887
1869
1870
1857
1866
1835
1844
1872
1846
1844
1890
1872
1874
1872
1879
1894
1877
1880
1876
1876
1881
1876
1856
1884
1901
1874
1888
1872
1890
1883
1877
1882
1879
1877
1879
1870
1869
1819
1814
1886
1883
1877
1875
1859
1883
1870
1887
1872
1877
1808
1876
1840
1837
1859
1852
1868
1862
1865
1895
1857
1853
1859
1872
1847
1872
1856
1873
1872
1857
1866
1857
1862
1835
1857
1853
1861
1829
1843
1792
1819
1840
1845
1881
1870
1861
1871
1870
1825
1850
1862
1827
1870
1786
1806
1843
1859
1863
1872
1871
1865
1856
1821
1843
1835
1879
1872
1871
1884
1852
1881
1895
1872
1887
1893
1855
1872
1870
1885
1867
1863
1877
1871
1878
1881
1881
1871
1855
1874
1872
1882
1868
1872
1850
1859
1861
1857
1904
1858
1859
1872
1873
1878
1878
1883
1858
1861
1872
1873
1858
1861
1861
1887
1872
1871
1869
1867
1860
1866
1875
1878
1891
1869
1890
1874
1859
1877
1871
1872
1873
1869
1870
1879
1883
1855
1877
1872
1852
1872
1872
1791
1795
1889
1884
1872
1863
1881
1840
1859
1885
1870
1868
1883
1869
1904
1882
1878
1870
1870
1872
1887
1872
1877
1877
1882
1872
1882
1880
1861
1885
1888
1859
1872
1876
1870
1891
1926
1878
1875
1872
1886
1878
1871
1885
1877
1837
1847
1867
1856
1873
1872
1863
1872
1871
1746
1877
1888
1886
1835
1834
1797
1841
1874
1874
1874
1895
1815
1875
1872
1878
1872
1856
1838
1874
1877
1877
1867
1873
1851
1818
1856
1887
1904
1893
1889
1867
1865
1875
1885
1889
1890
1891
1849
1843
1875
1851
1895
1899
1882
1879
1877
1901
1877
1879
1894
1890
1901
1865
1867
1782
1862
1863
1867
1859
1812
1799
1872
1827
1819
1865
1872
1857
1875
1856
1847
1854
1877
1744
1794
1861
1871
1873
1794
1923
1920
1894
1874
1905
1920
1920
1920
1929
1938
1934
1982
1949
1936
1923
1954
1926
1934
1945
1921
1936
1919
1941
1909
1930
1936
1889
1890
1869
1768
1889
1879
1877
1875
1890
1874
1870
1869
1866
1869
1885
1872
1879
1861
1869
1852
1869
1882
1872
1867
1866
1853
1899
1920
1904
1920
1913
1918
1919
1909
1919
1902
1909
1919
1930
1921
1930
1873
1856
1870
1935
1929
1937
1787
1858
1933
1953
1936
1951
1817
1824
1812
1840
1815
1824
1821
1745
1633
1807
1827
1811
1819
1808
1807
1738
1829
1797
1808
1795
1829
1819
1841
1793
1839
1821
1931
1951
1934
1933
1936
1926
1920
1915
1831
1831
1902
1918
1909
1905
1947
1894
1915
1889
1901
1897
1886
1886
1905
1895
1894
1891
1892
1905
1905
1891
1901
1815
1694
1856
1902
1889
1867
1873
1817
1846
1889
1883
1851
1872
1873
1875
1871
1860
1885
1877
1863
1869
1847
1853
1851
1775