751
751
751
752
751
751
752
751
751
751
752
752
752
752
752
752
752
751
752
752
752
752
752
752
752
752
753
753
752
752
752
752
753
752
752
753
752
752
752
752
752
752
752
752
752
752
752
752
752
751
752
751
752
752
752
752
751
752
751
751
752
752
751
752
751
752
752
752
752
752
718
626
496
350
195
37
25
25
26
25
26
25
26
26
26
26
26
25
26
26
26
26
26
26
26
25
28
28
28
28
28
28
28
28
28
28
28
28
28
28
28
29
25
25
25
25
25
25
25
25
26
25
26
25
26
25
26
25
25
25
26
25
26
25
25
25
25
26
26
32
82
166
303
462
635
752
752
752
752
752
752
752
752
752
751
751
751
751
751
751
751
751
751
751
751
752
752
752
752
752
750
694
578
425
256
81
25
25
25
25
26
25
30
75
155
318
521
752
752
752
752
752
752
752
752
752
752
752
752
752
752
751
752
752
752
751
751
752
751
751
751
752
751
752
751
751
751
751
751
752
752
752
752
752
752
752
752
752
752
753
752
752
752
752
752
752
752
752
752
752
752
752
752
752
752
752
752
752
752
752
751
751
751
752
752
752
752
752
751
752
752
751
751
751
751
751
752
752
752
752
752
752
752
752
752
752
752
752
752
752
752
752
752
752
752
753
753
752
752
752
753
752
752
752
752
752
752
752
752
752
752
752
752
752
751
751
752
752
752
752
751
751
751
751
752
751
752
752
752
752
752
752
752
752
752
752
752
752
752
752
752
752
752
752
752
752
752
752
752
752
752
752
752
751
751
751
751
751
751
751
751
751
751
751
752
752
752
751
751
751
751
751
752
752
752
752
752
753
752
753
752
753
752
752
752
753
752
752
753
753
752
752
752
752
752
752
753
752
752
752
752
752
752
751
752
752
751
752
752
752
752
752
751
752
752
752
752
752
752
751
752
752
752
752
752
752
752
752
752
752
752
752
752
752
752
752
752
752
752
752
752
752
752
752
752
752
752
752
752
752
751
751
751
751
752
751
752
751
751
751
752
751
751
751
751
751
751
752
752
752
752
752
752
749
719
650
540
400
228
29
26
26
25
28
28
28
28
28
28
28
28
28
28
28
28
28
27
28
28
28
28
28
28
28
28
28
28
28
28
28
28
28
28
28
28
28
28
28
28
28
28
28
28
28
28
28
32
26
25
25
25
25
25
25
26
25
25
26
25
25
25
25
25
25
26
74
156
294
456
640
752
752
752
752
752
752
751
751
751
751
751
751
751
752
752
752
752
751
751
751
751
751
752
752
752
752
752
752
752
752
752
752
752
753
752
752
752
753
752
752
752
752
752
752
752
752
752
752
752
752
752
752
751
752
752
751
752
751
751
751
751
751
752
752
752
752
752
751
752
751
752
752
752
752
752
752
752
752
701
586
136
28
28
28
28
28
28
28
28
28
28
28
28
29
28
28
28
28
28
28
28
28
28
28
28
28
28
28
28
28
28
28
28
28
28
28
28
28
28
28
28
28
28
28
28
28
28
28
28
28
28
28
28
28
28
28
28
28
28
28
28
28
28
28
28
28
28
28
28
28
28
28
28
28
28
28
28
28
28
28
28
28
27
25
25
25
25
25
25
25
25
25
25
25
47
183
476
751
752
752
752
752
752
752
752
751
752
752
752
752
752
752
752
752
752
752
752
752
752
752
752
752
752
752
752
752
752
752
752
752
752
752
752
752
752
751
751
752
751
752
752
751
751
751
751
751
751
752
752
751
751
752
752
751
752
751
752
752
752
713
30
28
29
28
29
28
28
29
28
28
28
27
28
28
29
28
28
28
28
28
28
28
28
28
28
28
28
28
28
28
28
28
28
28
28
28
28
28
28
28
28
28
28
28
28
28
28
28
28
28
28
28
28
28
28
28
28
28
28
28
28
28
28
28
28
28
28
28
28
28
28
28
28
28
28
28
28
28
28
25
25
25
25
25
25
25
25
28
199
653
752
752
752
752
752
751
752
752
752
751
751
752
751
751
751
752
752
752
752
751
752
752
752
752
752
752
752
752
752
752
752
752
752
752
752
752
752
752
752
752
752
752
752
752
752
751
751
751
751
752
752
752
752
751
751
752
751
752
752
752
752
752
752
752
752
752
752
752
752
752
752
752
753
752
752
752
752
752
752
752
752
752
752
752
752
752
752
752
752
752
752
752
751
752
751
751
751
752
752
751
751
752
751
751
751
752
751
751
752
752
752
752
752
752
752
752
752
752
752
752
752
753
752
752
752
752
752
752
752
752
752
752
752
752
752
752
751
752
752
752
752
752
751
752
752
751
752
752
752
752
752
751
752
751
751
752
752
752
752
752
752
752
752
752
752
743
84
28
29
28
28
28
28
28
28
28
28
28
28
28
28
28
28
28
28
28
28
28
28
28
28
28
28
28
28
28
28
28
28
28
28
28
28
28
28
28
28
28
28
28
28
28
28
28
28
28
28
28
28
28
28
28
28
28
28
28
28
28
28
28
28
28
28
28
28
28
28
28
28
28
28
28
28
28
28
28
28
28
28
28
28
28
28
28
28
28
28
28
28
28
28
28
28
28
28
28
27
25
25
25
25
25
25
25
25
128
454
752
752
752
752
752
752
752
752
752
752
752
752
752
751
426
28
28
28
27
25
25
25
25
25
25
25
34
173
467
752
751
751
751
750
330
28
28
28
28
28
28
28
28
28
28
28
28
28
28
28
28
28
28
28
28
28
28
28
28
28
28
28
28
28
28
28
28
28
28
28
28
28
28
28
28
28
28
28
28
28
28
28
28
28
28
28
28
28
28
28
28
28
28
28
28
28
27
28
28
28
28
28
28
28
28
28
28
28
27
28
28
28
28
28
28
28
28
28
28
28
27
28
28
28
28
28
28
28
28
28
28
28
28
28
28
28
28
28
28
28
28
28
28
28
28
28
28
28
28
28
28
28
28
28
28
28
25
25
25
25
25
25
25
36
231
718
752
752
752
752
752
752
752
753
753
753
752
753
752
752
753
752
753
752
752
752
752
752
752
752
752
752
752
752
751
752
751
751
752
752
751
752
752
752
751
751
751
751
751
751
751
751
752
752
752
752
752
752
752
752
752
752
752
752
752
752
752
752
752
752
752
752
752
752
752
752
752
752
752
752
752
752
751
751
752
751
751
751
752
751
751
752
751
751
751
751
750
256
28
28
28
28
28
28
28
28
28
27
28
28
28
28
28
28
28
28
28
28
28
28
28
28
28
28
28
28
28
28
28
28
28
28
28
28
28
28
28
28
28
28
28
28
28
28
28
28
28
28
28
28
28
28
28
28
28
28
28
28
28
28
28
28
28
28
28
28
28
28
28
28
28
28
28
28
28
28
28
28
28
28
28
28
28
28
28
28
35
25
25
25
25
25
25
25
45
287
751
751
752
751
751
750
751
752
752
752
751
751
752
751
752
752
752
752
751
752
752
752
752
752
752
752
752
752
752
752
753
752
752
753
752
752
752
752
752
752
752
752
752
752
752
752
751
752
751
752
752
752
752
751
751
752
752
752
752
751
752
752
752
752
752
752
752
752
752
752
752
752
752
752
752
752
752
752
752
752
752
752
752
752
752
752
752
752
752
752
752
751
752
752
751
752
752
752
752
751
752
751
751
752
752
750
305
28
28
28
28
29
28
28
28
28
28
28
28
28
28
28
28
28
28
28
28
28
28
25
25
25
25
25
25
25
25
26
25
25
27
117
336
647
614
28
27
26
25
25
25
25
25
25
114
383
751
752
751
685
32
28
28
28
28
28
28
28
28
28
28
28
28
28
28
28
28
28
28
28
28
28
28
28
28
28
28
28
28
28
28
28
28
28
28
28
28
28
28
28
28
27
25
25
25
25
25
25
25
25
120
527
751
751
751
751
752
752
752
751
751
751
751
751
752
752
752
752
752
752
752
752
752
752
752
752
752
752
752
752
752
752
753
752
752
752
752
753
752
752
752
752
752
751
751
751
752
752
752
752
752
751
752
751
751
752
752
752
752
752
751
752
752
752
752
752
752
752
752
752
752
752
752
752
753
752
752
752
752
752
752
752
752
752
752
752
752
752
752
752
752
752
752
752
751
752
752
751
752
751
752
752
751
752
751
751
751
751
751
752
752
752
752
752
752
752
752
752
752
752
752
752
752
752
752
752
753
752
752
752
752
752
752
751
752
752
752
752
752
752
752
751
752
752
752
752
752
752
752
752
752
752
752
752
752
751
751
752
752
752
752
752
752
753
752
752
753
752
752
753
753
752
752
752
752
752
753
752
752
752
752
752
752
752
752
752
752
751
752
752
752
752
752
752
752
752
751
752
751
752
751
751
751
752
751
752
752
752
752
752
752
752
752
752
752
752
752
752
752
752
752
752
752
752
752
752
752
752
752
752
752
752
752
751
751
751
751
751
751
752
752
751
752
751
751
752
751
752
752
751
752
752
752
752
752
752
752
752
752
752
752
752
753
752
752
752
752
753
752
752
752
752
752
752
752
752
752
752
752
752
752
752
752
752
751
752
752
752
752
752
752
751
751
752
752
752
752
751
752
752
752
752
752
752
752
752
752
752
752
752
753
752
752
752
752
752
752
752
752
752
752
752
752
752
752
752
751
752
751
752
752
752
752
751
751
751
751
751
751
751
751
751
752
752
752
752
752
752
752
752
752
752
753
752
752
752
752
752
752
752
752
752
752
752
752
752
752
752
597
28
28
28
28
28
28
28
28
28
28
29
25
25
25
26
25
25
28
28
25
25
25
25
25
25
25
25
25
110
320
604
752
752
753
752
752
753
752
752
752
753
752
752
753
752
752
752
753
753
753
753
752
752
752
752
752
752
752
752
752
752
752
751
752
752
752
751
752
751
752
752
752
752
751
751
752
752
752
752
752
752
752
752
752
752
752
752
752
752
752
752
752
752
752
752
752
752
752
752
752
752
752
752
752
752
751
752
751
751
751
751
751
751
751
751
752
751
752
752
752
751
752
752
752
751
752
752
752
752
752
753
752
752
752
752
752
752
753
752
752
752
752
752
752
752
752
752
752
752
752
752
752
752
752
752
752
752
751
752
752
751
752
752
752
752
752
752
752
752
751
752
752
752
752
752
752
752
752
752
752
752
752
752
752
752
752
752
752
752
752
752
753
752
752
752
752
752
752
752
751
752
751
751
752
752
751
751
752
751
751
751
751
752
752
751
751
751
752
752
752
747
631
28
28
28
28
29
28
28
28
28
28
28
27
28
28
28
28
29
25
25
25
25
25
25
25
25
25
25
49
200
495
752
752
752
752
752
751
752
751
751
752
752
752
752
752
752
752
752
752
752
752
752
752
752
752
752
752
752
752
752
752
752
752
752
752
752
752
752
752
752
752
752
752
707
32
28
28
28
25
25
25
25
25
25
25
25
25
67
218
503
752
752
751
752
751
752
752
752
752
751
752
752
752
752
752
752
752
752
752
752
752
752
752
752
752
752
752
752
738
646
475
29
28
28
28
28
28
28
28
28
28
28
28
28
28
28
28
28
28
28
28
28
28
28
28
28
28
28
28
28
28
28
28
28
25
25
25
25
25
25
26
25
25
25
25
25
76
247
573
752
752
752
753
752
752
752
752
752
751
752
752
752
752
752
752
752
751
752
751
752
752
752
751
752
752
751
752
752
752
751
752
752
751
751
752
752
752
752
752
753
752
752
752
752
752
752
752
752
752
752
752
752
752
752
752
752
752
752
752
752
752
752
751
752
751
752
751
751
751
752
752
752
751
751
751
752
752
752
751
752
752
751
752
752
752
752
752
753
752
752
752
752
753
752
752
752
752
752
752
752
752
752
752
752
752
752
752
752
752
752
751
752
752
751
752
752
752
751
752
752
752
751
752
752
751
752
751
752
752
752
752
752
752
752
752
752
752
752
752
752
752
752
752
752
752
752
752
752
752
752
752
752
752
751
752
752
752
752
751
751
752
752
751
752
752
751
751
751
751
751
752
752
751
752
752
751
752
752
752
752
752
752
752
752
752
752
752
752
752
752
752
752
752
753
753
752
752
752
752
752
752
751
752
752
752
752
751
752
752
751
752
752
752
751
752
752
752
752
751
751
752
752
752
752
752
752
752
752
752
752
752
752
752
752
752
752
752
752
752
752
752
752
752
752
752
752
752
752
752
752
752
751
752
751
752
751
752
751
751
751
752
751
751
751
751
751
751
751
752
752
752
752
752
752
752
752
752
752
752
752
752
752
752
752
753
752
752
752
752
752
752
752
752
752
752
752
752
751
752
752
752
751
752
752
752
752
752
752
752
752
752
752
752
751
751
752
752
752
752
752
752
752
752
752
752
752
752
752
753
752
752
752
752
752
752
752
752
752
752
752
752
752
752
752
752
752
751
752
752
751
751
751
751
751
752
752
752
750
751
751
751
751
751
752
752
752
752
752
752
752
753
752
752
753
752
752
752
752
753
753
753
753
752
752
752
752
752
752
752
752
752
752
752
752
752
752
752
752
751
752
752
751
751
752
751
752
751
751
752
751
752
752
752
752
752
752
752
752
752
752
752
752
752
740
691
620
525
407
258
28
29
28
28
28
28
28
28
28
28
28
28
28
28
28
28
28
28
28
28
28
28
28
28
28
28
28
28
28
28
28
28
28
28
28
28
28
28
28
28
28
28
28
28
28
28
28
28
28
28
28
28
28
28
28
28
28
28
28
28
28
28
28
28
28
28
28
28
25
25
25
25
25
25
25
25
25
25
25
110
424
751
752
751
751
751
751
751
751
752
751
751
752
751
752
752
752
752
752
752
752
752
752
752
752
752
752
752
752
752
752
752
752
752
752
752
752
752
752
752
752
752
752
751
752
752
752
751
752
752
752
752
752
751
751
751
751
752
752
752
752
752
752
752
752
752
752
752
752
753
733
491
28
28
28
28
28
28
28
28
28
28
28
28
28
28
28
28
28
28
28
28
28
28
28
28
28
28
28
28
28
28
28
28
28
28
28
28
28
28
28
28
28
28
28
28
28
28
28
26
25
25
26
25
25
26
25
25
25
26
28
28
28
28
28
28
28
28
28
28
28
28
28
28
28
28
28
28
28
28
26
25
25
25
25
25
25
25
25
25
35
167
467
751
752
752
751
752
751
751
752
752
752
752
313
28
28
28
29
28
28
28
28
28
28
28
28
28
28
28
28
25
25
25
25
25
25
25
25
25
25
25
63
234
572
751
751
751
751
752
752
752
752
751
751
751
751
752
752
752
752
752
751
752
751
369
28
28
28
28
28
28
28
28
28
28
29
28
28
28
28
28
28
28
28
28
28
28
28
28
28
28
28
28
28
28
28
28
28
28
28
28
28
28
28
28
28
28
28
28
28
28
29
28
28
28
28
28
28
28
28
28
28
28
28
28
28
28
28
28
28
28
28
28
28
28
28
28
28
28
28
28
28
28
28
28
28
28
27
28
28
28
28
28
28
28
28
28
28
28
28
28
28
28
28
28
28
28
28
28
28
28
27
28
28
28
28
28
28
28
28
28
28
28
27
28
28
28
28
28
28
28
28
28
28
28
28
28
28
28
28
28
28
28
28
28
28
28
28
28
28
28
28
28
28
28
28
28
25
25
25
25
25
25
25
25
25
25
153
486
751
752
752
751
751
751
752
752
752
751
752
752
752
752
752
752
752
752
752
752
743
126
28
28
28
28
28
28
28
28
28
28
28
27
25
25
25
25
25
25
25
25
45
238
683
751
751
752
752
752
751
752
752
752
751
752
751
751
752
752
752
751
752
752
752
752
752
752
752
752
752
752
752
753
752
752
752
752
752
752
752
752
752
752
752
752
752
752
752
751
752
751
752
751
751
751
751
752
752
751
752
752
751
752
752
752
752
752
752
752
752
752
752
752
752
752
752
753
753
752
752
753
752
753
752
752
752
752
752
752
752
752
752
752
752
752
752
752
751
751
752
751
751
751
752
751
752
751
751
751
751
751
752
752
752
752
752
752
752
752
752
752
752
752
752
752
752
752
752
753
752
752
752
752
753
752
752
752
752
751
752
752
752
752
752
752
752
751
751
751
752
752
752
751
752
751
751
751
751
751
752
752
752
752
752
621
28
28
28
28
28
25
25
25
25
26
25
26
25
25
25
25
25
26
60
166
361
615
752
752
752
751
752
751
751
751
752
752
752
752
751
751
751
752
752
752
752
751
752
752
751
752
752
752
752
752
752
752
752
752
752
753
752
752
752
752
752
752
752
752
752
752
752
752
752
752
752
752
752
752
752
752
752
752
751
752
751
752
752
752
751
751
751
752
752
752
751
751
751
751
752
752
752
752
752
752
752
752
752
752
753
753
752
753
752
752
752
752
753
753
752
752
752
752
752
752
752
752
752
752
751
751
751
752
752
752
752
752
752
752
752
752
752
752
752
752
752
752
752
752
752
752
752
752
752
752
752
752
752
752
752
752
752
752
752
752
752
752
752
752
752
752
752
752
752
752
752
751
751
751
751
752
751
752
752
752
751
751
751
751
752
752
751
752
751
752
752
752
752
752
752
752
752
752
752
752
752
753
752
752
752
752
752
752
752
752
752
752
752
752
752
752
752
752
751
752
751
751
751
752
752
752
752
751
751
751
752
752
752
752
752
752
752
752
752
752
752
752
752
752
753
752
746
691
576
403
73
28
28
28
29
29
28
28
28
28
28
28
28
28
28
28
28
28
28
28
28
28
28
28
28
28
28
28
28
28
25
25
25
25
25
25
25
25
25
25
25
25
25
25
69
160
302
456
616
753
753
752
752
752
752
752
752
752
752
752
752
752
753
753
752
752
752
752
752
752
752
752
752
751
752
752
752
751
752
752
752
752
751
751
751
751
752
751
752
752
752
752
752
752
752
752
752
752
752
752
752
752
752
752
752
752
752
752
752
752
752
752
752
752
751
752
751
751
751
751
752
752
752
752
752
752
752
752
751
752
752
752
752
752
751
751
708
61
29
28
28
28
28
28
28
28
28
28
28
29
28
28
28
28
28
28
28
28
28
27
26
25
26
25
25
25
25
25
25
25
25
25
25
25
25
39
126
310
562
751
751
751
751
751
751
751
751
751
751
751
751
751
752
752
752
752
752
752
752
752
753
753
752
752
752
752
752
752
752
753
753
752
752
752
752
752
752
752
752
752
752
751
751
751
752
752
752
752
751
752
751
752
752
751
751
751
752
752
752
752
752
752
752
752
753
753
752
752
752
752
753
752
752
752
752
752
752
752
752
752
752
752
752
752
752
752
752
751
752
752
751
752
752
752
752
752
752
752
752
752
751
752
752
751
751
752
752
752
752
752
752
752
752
752
752
752
752
753
753
753
752
752
752
752
752
752
752
752
752
752
752
751
751
752
752
752
752
752
752
751
752
752
752
752
752
752
751
752
752
752
752
752
752
752
752
752
752
752
752
752
752
752
753
752
752
752
752
752
752
752
752
752
752
752
752
752
752
752
752
751
751
752
752
752
752
751
751
752
751
752
752
752
752
751
751
751
751
751
751
752
752
752
752
752
752
752
752
752
752
752
752
752
752
752
752
752
752
752
752
752
752
752
752
752
752
752
752
752
752
752
752
751
752
752
752
752
752
751
752
752
752
751
752
752
752
752
752
752
752
752
752
752
752
752
752
752
752
752
752
753
752
753
752
753
752
752
753
752
752
752
752
752
752
752
752
752
751
752
751
752
752
752
751
752
752
752
752
752
752
752
752
752
751
752
752
752
752
752
752
752
752
752
752
752
752
753
752
752
752
752
752
752
752
752
752
752
752
752
752
752
752
752
752
751
751
751
752
752
752
752
751
751
751
751
752
752
751
752
751
751
751
752
752
752
752
752
752
752
752
752
753
752
753
752
753
753
752
752
752
752
752
752
752
752
752
753
752
752
752
752
752
752
751
752
752
752
752
752
752
752
751
751
752
752
751
751
751
752
751
752
752
752
752
752
752
752
752
752
752
752
752
752
752
752
752
753
752
752
752
752
752
752
752
752
752
752
752
751
751
751
752
751
752
752
751
752
751
752
752
752
752
751
752
752
752
752
752
752
752
752
752
752
752
753
752
752
753
752
752
752
752
753
752
753
753
752
752
752
752
752
752
752
752
752
752
751
752
752
751
751
752
751
752
752
751
752
752
752
751
752
752
752
752
752
752
752
752
752
752
752
752
752
752
753
752
752
752
752
752
752
752
752
752
752
752
752
752
752
752
752
752
751
752
752
751
751
751
752
751
751
751
752
752
752
752
752
752
752
751
752
752
752
752
752
752
752
752
752
752
752
753
752
752
752
752
752
751
753
753
752
753
752
752
752
752
752
752
752
752
752
752
752
752
752
751
752
752
752
752
752
752
751
752
751
752
751
751
752
752
752
752
752
752
752
752
752
752
752
752
752
752
752
752
752
752
752
752
752
752
752
752
752
752
752
752
751
752
752
751
751
752
752
751
752
752
752
751
752
752
751
752
751
752
751
752
752
752
752
752
753
752
752
752
753
752
752
752
752
752
752
752
752
752
752
752
752
752
752
752
752
752
752
752
752
752
752
752
752
751
752
751
751
751
751
752
751
751
751
751
751
752
752
752
752
752
752
752
752
752
752
752
752
752
732
662
548
400
218
26
28
28
28
28
28
28
28
28
28
28
28
28
28
28
28
28
28
28
28
28
28
28
28
28
28
28
28
28
28
28
28
28
28
28
28
28
28
28
28
28
28
28
28
28
28
28
28
28
28
28
28
28
28
28
28
28
28
28
28
28
28
28
27
28
28
28
28
28
28
28
28
28
28
28
28
28
28
28
28
25
25
25
25
25
25
25
25
25
25
25
25
25
28
102
286
530
751
752
752
752
752
752
752
752
752
753
752
753
752
752
752
753
752
752
752
716
640
314
28
28
28
28
29
28
28
28
28
28
27
28
28
28
28
27
28
28
26
25
25
25
25
25
25
25
25
25
25
25
42
149
364
627
752
752
752
752
752
752
752
752
752
752
753
752
752
752
752
752
752
752
752
752
752
752
752
752
752
752
752
751
751
751
752
751
751
751
751
751
751
752
752
751
751
752
751
751
752
752
752
752
752
752
752
752
752
752
752
752
752
752
752
751
700
400
28
28
28
28
28
28
28
28
28
28
28
28
28
28
28
28
28
28
28
28
28
28
28
28
28
28
28
28
28
28
28
28
28
28
28
28
28
28
28
28
28
28
31
25
25
25
25
25
25
25
25
25
25
25
25
25
40
136
346
628
752
752
752
752
752
752
752
752
752
752
752
752
752
752
751
751
752
752
752
752
751
751
752
752
751
752
752
752
752
465
28
28
28
28
28
28
28
28
28
28
28
28
28
28
28
28
28
28
28
28
28
28
28
28
28
28
28
28
28
25
25
25
25
25
25
25
25
25
25
25
25
43
160
412
729
752
751
751
752
751
752
752
752
752
752
752
752
752
752
752
752
751
249
28
29
28
28
28
28
28
28
28
28
28
28
28
29
28
28
28
28
28
28
28
28
28
28
28
28
28
28
28
28
28
28
28
28
28
28
28
28
28
28
28
28
28
28
28
28
28
28
28
28
28
28
28
28
28
28
28
28
28
28
28
28
28
28
28
28
28
28
28
28
28
28
28
28
28
28
28
28
28
28
28
28
28
28
28
28
28
28
28
28
28
28
28
28
28
28
28
28
28
28
27
25
25
25
25
25
25
26
25
25
26
25
65
216
505
752
752
752
752
752
753
752
753
752
752
753
752
752
752
752
752
752
752
752
752
752
752
751
752
752
752
751
752
752
752
751
752
752
752
751
751
752
751
751
752
752
752
752
752
752
752
752
753
752
752
752
752
752
752
752
752
752
752
752
752
752
752
752
752
752
752
752
751
751
752
751
751
752
752
751
752
751
752
751
752
752
751
752
751
751
752
752
752
752
752
752
752
752
752
753
752
752
752
752
752
752
752
752
753
752
752
752
752
753
752
752
752
752
752
752
751
752
752
752
752
752
752
752
752
752
751
751
751
752
752
751
752
752
752
752
752
752
752
752
752
752
752
752
752
752
752
752
752
752
752
752
752
752
752
752
752
752
752
752
752
752
752
752
751
752
751
751
752
752
752
752
752
751
752
752
752
752
752
752
752
752
752
752
752
752
752
752
752
752
752
753
753
752
753
753
639
26
26
26
25
26
25
105
364
749
752
752
752
752
752
752
752
752
752
752
752
751
751
752
752
752
752
752
752
752
734
117
28
28
28
28
25
25
25
25
25
25
25
25
28
147
439
752
752
752
752
753
752
752
752
752
752
753
753
752
753
752
752
752
752
752
751
752
752
752
752
752
752
752
752
751
752
752
752
752
751
752
751
183
28
28
28
28
28
28
28
28
28
28
28
28
29
28
28
28
28
28
28
28
28
28
28
28
28
28
28
28
28
28
28
28
28
28
28
28
28
28
28
28
28
28
28
28
28
28
28
28
28
28
28
28
28
28
28
28
28
28
28
28
28
28
28
28
28
28
28
28
28
28
28
28
28
28
28
28
28
28
28
28
28
28
28
28
28
28
28
28
28
28
28
28
28
28
28
28
28
28
28
28
28
28
28
28
28
28
28
28
28
28
28
28
28
28
28
28
28
28
28
28
28
28
28
28
28
28
28
28
28
28
28
28
28
28
28
28
28
28
28
28
28
28
28
28
28
25
25
25
25
25
25
25
25
25
25
32
185
565
752
752
751
751
751
751
751
751
751
751
752
751
751
751
752
752
752
752
752
752
752
752
752
752
752
752
752
752
752
753
752
752
752
752
752
752
753
753
752
752
752
752
751
752
752
752
752
752
752
751
751
751
752
752
752
752
751
751
752
752
751
752
752
752
752
752
752
752
752
752
752
752
752
752
752
752
752
752
753
752
752
752
752
752
752
752
752
752
752
752
752
752
752
752
751
752
751
752
751
752
751
752
752
751
751
751
751
751
751
752
751
752
752
752
752
752
752
752
752
752
752
752
752
752
752
752
752
752
752
752
752
752
752
752
752
752
752
663
29
28
28
28
28
28
28
28
28
28
28
28
28
28
28
28
28
28
28
28
28
28
28
28
28
28
28
28
28
28
28
28
28
28
28
28
28
28
28
25
26
25
25
25
25
25
26
25
25
25
25
26
44
151
369
651
752
752
752
751
751
751
752
751
751
751
751
751
751
751
752
752
751
752
752
751
245
28
28
28
28
25
25
25
28
28
28
28
28
28
28
28
28
28
28
28
28
28
28
28
28
28
28
28
28
28
28
28
28
28
28
28
28
28
28
28
28
28
28
28
28
28
27
28
28
28
28
28
28
28
28
28
28
28
28
28
28
28
28
28
28
29
25
25
25
25
25
28
28
28
28
32
25
25
25
26
28
28
28
28
26
25
26
26
25
25
28
28
28
25
25
25
25
25
25
25
25
25
89
250
538
752
752
751
751
751
752
752
752
752
752
752
752
752
752
752
752
752
752
752
753
753
753
752
752
752
752
752
752
752
752
752
752
752
752
752
752
752
752
752
752
752
752
752
752
751
751
751
752
752
752
752
751
751
751
752
752
752
752
752
752
752
752
753
752
752
752
753
752
752
753
752
752
752
752
752
752
752
752
753
752
752
752
752
752
752
752
752
752
752
751
751
752
752
752
752
752
752
752
752
751
752
751
752
752
751
752
752
751
752
752
752
752
752
752
752
752
752
752
753
752
752
752
752
752
753
752
752
752
752
752
752
752
751
752
752
752
488
28
28
28
28
28
28
25
25
25
25
25
25
25
24
25
117
462
752
751
752
752
752
752
752
752
752
752
753
752
752
752
752
752
752
752
752
752
752
752
752
752
752
752
752
752
752
752
752
752
752
751
751
752
751
751
751
752
752
752
751
752
751
751
751
752
752
752
752
752
752
752
752
752
752
752
753
752
752
752
752
752
753
752
752
752
752
752
752
752
752
752
752
752
752
751
752
752
752
752
752
752
751
751
752
752
752
752
752
752
751
751
752
751
752
752
752
752
752
752
752
752
752
752
752
752
752
753
753
752
752
752
752
752
752
752
753
752
752
752
752
751
751
752
752
752
752
751
751
752
751
752
752
752
752
752
752
752
752
752
752
752
752
752
752
752
753
752
752
753
752
753
753
752
753
753
752
753
752
753
752
753
752
752
752
752
752
752
752
752
752
752
752
752
752
751
752
751
752
751
752
752
752
752
751
752
752
752
751
752
752
752
752
752
752
752
752
752
752
752
752
752
752
752
752
752
752
752
752
752
752
752
752
752
752
752
752
751
751
751
751
752
751
751
752
752
752
751
751
752
751
752
752
751
751
752
752
752
752
752
752
752
752
752
752
752
752
753
752
752
753
753
752
752
752
752
752
752
752
752
752
752
752
752
752
752
751
751
752
751
752
751
751
751
751
752
751
751
751
751
751
751
751
752
752
752
752
752
752
752
752
752
753
752
752
752
752
752
752
752
753
752
752
752
752
752
752
752
752
752
752
752
752
752
751
751
752
751
752
752
752
751
751
752
752
752
752
752
752
752
752
752
752
752
752
752
752
752
752
752
752
752
752
752
752
752
753
753
752
752
752
752
753
752
752
752
752
752
752
752
751
752
751
752
752
752
752
752
752
752
751
751
752
751
752
751
752
752
751
752
752
752
752
752
752
752
752
752
753
752
752
752
752
752
752
752
752
752
752
752
752
752
752
752
752
752
752
752
752
752
751
752
752
752
752
751
752
752
752
751
751
752
752
751
751
752
752
752
752
752
752
752
752
752
752
752
752
752
752
752
752
752
752
752
752
752
752
752
752
752
752
752
752
752
752
752
751
751
752
751
752
752
752
751
751
752
751
752
752
752
752
752
752
752
752
752
752
752
752
752
752
753
752
752
752
752
752
752
752
752
752
752
752
752
752
752
752
752
752
752
751
752
752
752
751
751
751
752
752
751
752
751
752
752
751
752
752
752
752
752
752
752
752
752
752
753
752
753
752
752
752
753
753
752
752
753
753
752
752
752
753
752
752
752
752
752
752
752
752
752
751
751
752
752
752
751
752
752
752
752
751
752
752
751
751
752
752
752
752
752
752
752
752
752
752
752
752
752
752
752
752
752
752
752
752
752
752
752
752
752
752
752
752
751
751
752
751
751
751
751
751
751
751
751
752
752
752
751
751
752
751
751
751
752
752
752
752
752
752
753
752
752
752
752
752
753
753
752
753
752
752
753
752
752
752
752
753
753
752
752
752
752
752
752
752
752
752
752
752
751
752
751
751
752
752
752
752
752
752
752
752
752
752
752
752
752
752
752
752
752
752
752
752
752
752
752
752
752
752
752
752
752
752
752
752
752
752
752
752
751
751
751
751
730
650
510
313
60
28
28
27
28
28
28
28
28
28
28
28
28
28
28
28
26
25
25
25
26
25
25
25
25
25
25
25
25
41
119
266
428
580
700
752
752
752
745
714
669
631
615
638
711
751
751
752
751
752
752
752
752
752
752
752
752
751
751
751
752
752
752
752
752
752
752
752
752
752
752
752
752
752
752
752
752
752
752
752
752
752
752
752
752
752
752
752
752
752
752
752
752
752
752
751
752
752
751
751
752
752
752
752
752
752
752
752
752
752
752
752
720
651
573
504
453
431
441
487
565
673
752
752
752
752
753
752
752
752
752
752
752
752
752
752
752
752
752
752
752
752
752
752
751
751
751
752
752
751
752
751
751
752
752
752
751
752
752
752
752
752
752
752
752
752
752
752
753
753
752
752
752
752
752
752
752
753
752
752
752
752
752
752
752
752
752
752
752
751
751
752
751
751
752
752
751
752
752
752
752
752
752
752
752
752
752
752
752
752
752
752
752
752
752
752
752
752
752
752
752
752
753
752
753
753
752
752
752
752
752
752
752
752
752
752
751
752
752
751
751
751
752
752
751
751
752
751
751
751
752
752
752
752
752
752
752
752
752
752
752
752
752
752
753
752
752
752
751
752
753
752
752
752
752
752
752
752
752
752
752
752
752
751
751
752
751
752
752
752
752
752
752
752
752
752
752
751
751
752
752
752
752
752
752
752
752
752
752
752
752
752
752
752
752
752
752
752
752
753
752
752
752
752
752
752
752
752
752
751
751
751
751
752
751
751
751
752
751
752
751
752
752
751
751
752
752
752
752
752
752
753
753
753
753
752
752
752
752
752
752
752
752
752
753
752
752
752
752
753
753
752
752
752
752
752
752
752
752
752
752
752
751
752
751
751
752
752
752
752
751
752
752
751
751
752
752
752
752
752
752
752
752
752
741
655
482
223
26
28
28
29
28
28
29
28
29
28
28
28
28
28
28
28
28
28
25
25
25
25
25
25
25
25
25
25
26
156
507
751
752
751
751
752
752
752
751
752
750
752
752
752
752
752
752
752
752
752
752
752
752
752
752
752
752
752
753
752
752
752
752
752
739
643
448
45
27
28
28
28
28
28
28
28
28
28
28
28
28
28
28
28
28
28
28
28
28
28
28
28
28
28
28
28
28
28
28
28
28
28
28
28
28
28
28
28
28
28
28
28
28
28
28
28
28
28
28
28
28
28
28
28
28
28
28
28
28
28
28
28
28
28
28
28
28
28
28
28
28
28
25
25
25
25
25
25
25
25
25
25
25
25
28
106
287
526
752
752
753
753
752
752
752
752
753
752
752
752
752
752
752
752
752
752
752
752
752
752
752
751
751
751
751
751
752
752
751
752
751
751
751
751
752
752
751
752
752
752
752
752
752
752
752
752
752
752
752
752
753
752
752
752
752
752
752
753
753
752
752
752
752
752
752
752
752
752
752
752
751
752
751
752
752
752
752
752
751
752
752
752
752
752
752
752
752
752
752
752
752
752
752
752
752
752
752
752
752
752
752
752
752
752
752
752
752
752
752
752
752
752
752
752
752
751
751
751
751
751
751
751
751
752
752
752
752
752
751
752
751
752
752
752
752
752
752
752
752
753
753
753
752
752
752
752
753
752
752
753
752
752
752
753
753
752
752
752
752
752
752
752
752
752
752
752
752
752
752
752
751
752
752
752
752
752
751
752
751
751
752
752
752
752
752
752
752
752
752
752
752
752
752
752
752
752
752
752
752
752
752
752
752
752
752
752
752
752
752
752
752
752
752
752
752
751
752
752
751
752
752
752
751
752
752
751
752
752
752
752
752
752
752
753
753
752
753
753
752
753
753
753
752
752
753
752
752
753
752
752
752
752
752
752
752
752
752
752
752
751
752
752
751
752
752
752
752
752
752
751
752
752
751
751
751
604
31
26
26
25
25
25
26
28
28
28
28
25
25
26
26
28
28
28
28
28
28
26
25
28
28
28
28
28
28
28
28
28
28
30
25
28
28
28
28
28
28
28
28
28
28
28
28
28
28
28
25
25
28
28
28
28
28
28
28
28
28
28
28
26
25
28
28
28
28
28
28
28
28
28
28
28
28
28
28
28
28
28
28
28
28
28
28
28
28
28
28
28
28
28
28
28
28
28
28
28
28
28
28
28
28
28
28
28
28
28
28
28
28
28
28
28
28
28
28
28
28
28
28
28
28
28
28
28
28
28
28
28
28
28
28
28
28
28
28
28
28
28
28
28
28
28
28
28
28
28
28
28
28
28
28
28
28
28
28
28
28
28
28
28
28
28
28
28
28
28
28
28
28
28
28
28
28
28
28
28
28
28
28
28
28
28
28
28
28
28
28
28
28
28
28
28
28
28
28
28
28
28
28
28
28
28
28
28
28
28
28
28
28
28
28
28
28
28
28
28
28
28
28
28
28
28
28
28
28
28
28
28
28
28
28
28
28
28
28
28
28
28
28
28
28
28
28
28
27
28
28
28
28
28
28
28
28
28
28
28
28
28
28
28
28
28
28
28
28
28
28
28
28
28
28
28
28
28
28
28
28
28
28
28
28
28
28
28
28
28
28
28
28
28
28
28
28
28
28
28
28
28
28
28
28
28
28
28
28
28
28
28
28
28
28
28
28
28
28
28
28
28
28
28
28
28
28
28
28
28
28
28
28
28
28
28
28
28
28
28
28
28
28
28
28
28
28
28
28
28
28
28
28
28
28
28
28
28
28
28
28
28
28
28
28
28
28
28
28
28
28
28
28
28
28
28
28
28
28
28
28
28
28
28
28
28
28
28
28
28
28
28
28
28
28
28
28
28
28
28
28
28
28
28
28
28
28
28
28
28
28
28
28
28
28
28
28
28
28
28
28
28
28
28
28
28
28
28
28
28
28
28
28
28
28
28
28
28
28
28
28
28
28
28
28
28
28
28
28
28
28
28
28
28
28
28
28
28
28
28
28
28
28
28
28
28
28
28
28
28
28
28
28
28
28
28
28
28
28
28
28
28
28
28
28
28
28
28
28
28
28
28
28
28
28
28
25
26
28
28
28
28
28
28
28
28
28
25
25
28
28
28
28
28
25
25
25
25
28
28
28
27
25
25
25
24
25
28
28
28
25
25
25
25
28
166
531
752
751
682
59
25
25
125
456
752
752
752
752
752
643
89
25
85
306
741
752
751
752
752
752
751
750
751
752
750
751
751
751
752
752
751
752
751
751
751
751
751
751
752
752
752
752
752
752
752
752
752
752
752
752
753
752
752
752
752
752
752
752
752
752
752
752
752
752
752
752
752
752
752
751
751
752
751
751
751
752
752
751
751
751
752
752
752
751
752
752
751
752
752
752
752
752
752
752
752
752
752
752
752
752
752
752
752
752
752
752
752
752
752
752
752
752
752
751
751
752
751
751
751
751
751
751
752
751
751
752
752
752
752
752
752
752
752
752
752
752
752
752
752
752
753
752
752
752
752
752
753
752
752
752
752
752
753
752
753
752
752
752
752
752
752
751
752
752
752
752
752
752
751
752
751
752
752
752
752
751
751
751
751
752
752
752
752
752
752
752
752
752
752
752
752
752
752
753
752
752
752
752
752
752
752
752
752
752
752
752
752
752
752
751
752
752
752
751
752
752
751
752
752
752
752
751
752
752
752
751
752
752
751
752
752
752
752
752
752
752
752
752
752
752
753
752
752
752
752
752
752
752
752
752
752
752
752
752
752
752
752
751
751
752
752
752
751
752
752
752
752
752
752
752
752
752
751
752
752
752
752
752
752
752
752
752
753
752
752
752
752
753
752
752
753
753
753
752
752
752
752
752
752
752
752
752
751
752
752
752
752
752
752
752
751
752
752
751
752
752
752
752
751
751
751
752
752
752
752
752
752
752
752
753
752
752
752
752
752
752
752
752
752
752
752
752
752
752
752
752
752
752
752
752
752
752
752
751
751
752
752
752
752
752
752
752
752
752
752
752
752
752
752
752
752
752
752
752
752
752
752
752
752
752
752
752
752
752
752
752
752
752
752
752
752
752
752
752
752
752
752
752
751
751
751
752
751
752
752
752
751
752
751
752
752
752
752
751
751
752
751
752
752
752
752
752
752
752
752
753
752
753
752
753
752
752
753
752
753
753
752
752
752
752
752
752
752
752
752
752
752
752
752
752
752
752
752
751
752
752
752
752
751
752
751
751
752
752
752
752
752
752
752
752
752
752
752
752
752
752
752
752
752
752
752
752
753
752
752
752
752
752
752
752
752
752
752
752
752
751
751
752
752
752
752
752
752
752
752
751
751
752
752
752
752
752
752
752
752
752
752
752
752
752
753
752
752
753
752
752
752
752
753
753
752
752
752
752
752
752
752
752
752
752
752
751
751
752
751
751
752
752
752
752
752
751
752
752
751
752
752
752
752
752
752
752
752
753
753
752
753
753
752
752
752
753
752
753
753
752
752
752
753
752
752
752
752
752
752
752
752
752
752
752
751
752
752
752
751
752
752
752
752
751
752
751
751
752
752
752
752
752
752
752
752
752
752
752
752
752
752
752
752
752
752
752
752
752
752
752
752
752
752
752
752
752
752
751
751
752
751
752
752
752
752
752
752
751
752
752
752
751
751
751
752
752
752
752
752
752
752
752
753
752
752
752
752
753
753
752
753
753
752
752
752
752
752
752
752
752
752
752
752
752
752
752
751
751
752
752
752
752
751
751
751
752
752
752
751
751
752
752
752
752
752
752
752
752
752
752
752
752
753
753
752
752
753
752
752
752
752
752
752
753
752
752
753
752
752
752
752
752
752
752
752
752
752
752
752
752
751
752
751
752
752
752
752
751
751
752
752
752
752
752
752
752
752
752
753
753
752
752
752
752
752
752
752
753
752
752
752
752
752
752
752
752
752
752
752
751
751
751
751
752
752
752