23	3.29919434
4.63700008	3.29919434
4.63800001	3.29919434
4.63999987	3.29919434
4.64099979	3.29919434
4.64300013	3.29919434
4.64599991	3.29919434
4.64699984	3.29919434
4.64900017	3.29919434
4.65000010	3.29919434
4.64400005	3.29919434
4.65199995	3.29919434
4.65299988	3.29919434
4.65500021	3.29919434
4.65700006	3.29919434
4.66300011	3.29919434
4.66400003	3.29919434
4.66599989	3.29919434
4.66699982	3.29919434
4.66900015	3.29919434
4.67000008	3.29919434
4.67199993	3.29919434
4.67299986	3.29919434
4.67500019	3.29919434
4.67600012	3.29919434
4.67799997	3.29919434
4.67999983	3.29919434
4.68100023	3.29919434
4.68300009	3.29919434
4.68400002	3.29919434
4.68599987	3.29919434
4.68699980	3.29919434
4.65799999	3.29919434
4.65999985	3.29919434
4.66099977	3.29919434
4.68900013	3.29919434
4.69000006	3.29919434
4.69199991	3.29919434
4.69299984	3.29919434
4.69500017	3.29919434
4.69600010	3.29919434
4.69799995	3.29919434
4.69899988	3.29919434
4.70100021	3.29919434
4.70300007	3.29919434
4.70400000	3.29919434
4.70599985	3.29919434
4.70699978	3.29919434
4.70900011	3.29919434
4.71000004	3.29919434
4.71199989	3.29919434
4.71299982	3.29919434
4.71500015	3.29919434
4.71600008	3.29919434
4.71799994	3.29919434
4.71899986	3.29919434
4.72100019	3.29919434
4.72200012	3.29919434
4.72399998	3.29919434
4.72599983	3.29919434
4.72700024	3.29919434
4.72900009	3.29919434
4.73000002	3.29919434
4.73199987	3.29919434
4.73299980	3.29919434
4.73500013	3.29919434
4.73600006	3.29919434
4.73799992	3.29919434
4.73899984	3.29919434
4.74100018	3.29919434
4.74200010	3.29919434
4.74399996	3.29919434
4.74499989	3.29919434
4.74700022	3.29919434
4.74900007	3.29919434
4.75000000	3.29919434
4.75199986	3.29919434
4.75299978	3.29919434
4.75500011	3.29919434
4.75600004	3.29919434
4.75799990	3.29919434
4.75899982	3.29919434
4.76100016	3.29919434
4.76200008	3.29919434
4.76399994	3.29919434
4.76499987	3.29919434
4.76700020	3.29919434
4.76800013	3.29919434
4.76999998	3.29919434
4.77099991	3.29919434
4.77299976	3.29919434
4.77500010	3.29919434
4.77600002	3.29919434
4.77799988	3.29919434
4.77899981	3.29919434
4.78100014	3.29919434
4.78200006	3.29919434
4.78399992	3.29919434
4.78499985	3.29919434
4.78700018	3.29919434
4.78800011	3.29919434
4.78999996	3.29919434
4.79099989	3.29919434
4.79300022	3.29919434
4.79400015	3.29919434
4.79600000	3.29919434
4.79799986	3.29919434
4.79899979	3.29919434
4.80100012	3.29919434
4.80200005	3.29919434
4.80399990	3.29919434
4.80499983	3.29919434
4.80700016	3.29919434
4.80800009	3.29919434
4.80999994	3.29919434
4.81099987	3.29919434
4.81300020	3.29919434
4.81400013	3.29919434
4.81599998	3.29919434
4.81699991	3.29919434
4.81899977	3.29919434
4.82100010	3.29919434
4.82200003	3.29919434
4.82399988	3.29919434
4.82499981	3.29919434
4.82700014	3.29919434
4.82800007	3.29919434
4.82999992	3.29919434
4.83099985	3.29919434
4.83300018	3.29919434
4.83400011	3.29919434
4.83599997	3.29919434
4.83699989	3.29919434
4.83900023	3.29919434
4.84000015	3.29919434
4.84200001	3.29919434
4.84399986	3.29919434
4.84499979	3.29919434
4.84700012	3.29919434
4.84800005	3.29919434
4.84999990	3.29919434
4.85099983	3.29919434
4.85300016	3.29919434
4.85400009	3.29919434
4.85599995	3.29919434
4.85699987	3.29919434
4.85900021	3.29919434
4.86000013	3.29919434
4.86199999	3.29919434
4.86299992	3.29919434
4.86499977	3.29919434
4.86700010	3.29919434
4.86800003	3.29919434
4.86999989	3.29919434
4.87099981	3.29919434
4.87300014	3.29919434
4.87400007	3.29919434
4.87599993	3.29919434
4.87699986	3.29919434
4.87900019	3.29919434
4.88000011	3.29919434
4.88199997	3.29919434
4.88299990	3.29919434
4.88500023	3.29919434
4.88600016	3.29919434
4.88800001	3.29919434
4.88999987	3.29919434
4.89099979	3.29919434
4.89300013	3.29919434
4.89400005	3.29919434
4.89599991	3.29919434
4.89699984	3.29919434
4.89900017	3.29919434
4.90000010	3.29919434
4.90199995	3.29919434
4.90299988	3.29919434
4.90500021	3.29919434
4.90600014	3.29919434
4.90799999	3.29919434
4.90899992	3.29919434
4.91099977	3.29919434
4.91300011	3.29919434
4.91400003	3.29919434
4.91599989	3.29919434
4.91699982	3.29919434
4.91900015	3.29919434
4.92000008	3.29919434
4.92199993	3.29919434
4.92299986	3.29919434
4.92500019	3.29919434
4.92600012	3.29919434
4.92799997	3.29919434
4.92899990	3.29919434
4.93100023	3.29919434
4.93200016	3.29919434
4.93400002	3.29919434
4.93499994	3.29919434
4.93699980	3.29919434
4.93900013	3.29919434
4.94000006	3.29919434
4.94199991	3.29919434
4.94299984	3.29919434
4.94500017	3.29919434
4.94600010	3.29919434
4.94799995	3.29919434
4.94899988	3.29919434
4.95100021	3.29919434
4.95200014	3.29919434
4.95400000	3.29919434
4.95499992	3.29919434
4.95699978	3.29919434
4.95900011	3.29919434
4.96000004	3.29919434
4.96199989	3.29919434
4.96299982	3.29919434
4.96500015	3.29919434
4.96600008	3.29919434
4.96799994	3.29919434
4.96899986	3.29919434
4.97100019	3.29919434
4.97200012	3.29919434
4.97399998	3.29919434
4.97499990	3.29919434
4.97700024	3.29919434
4.97800016	3.29919434
4.98000002	3.29919434
4.98199987	3.29919434
4.98299980	3.29919434
4.98500013	3.29919434
4.98600006	3.29919434
4.98799992	3.29919434
4.98899984	3.29919434
4.99100018	3.29919434
4.99200010	3.29919434
4.99399996	3.29919434
4.99499989	3.29919434
4.99700022	3.29919434
4.99800014	3.29919434
5.00000000	3.29919434
5.00099993	3.29919434
5.00299978	3.29919434
5.00400019	3.29919434
5.00600004	3.29919434
5.00799990	3.29919434
5.00899982	3.29919434
5.01100016	3.29919434
5.01200008	3.29919434
5.01399994	3.29919434
5.01499987	3.29919434
5.01700020	3.29919434
5.01800013	3.29919434
5.01999998	3.29919434
5.02099991	3.29919434
5.02299976	3.29919434
5.02400017	3.29919434
5.02600002	3.29919434
5.02699995	3.29919434
5.02899981	3.29919434
5.03000021	3.29919434
5.03200006	3.29919434
5.03399992	3.29919434
5.03499985	3.29919434
5.03700018	3.29919434
5.03800011	3.29919434
5.03999996	3.29919434
5.04099989	3.29919434
5.04300022	3.29919434
5.04400015	3.29919434
5.04600000	3.29919434
5.04699993	3.29919434
5.04899979	3.29919434
5.05000019	3.29919434
5.05200005	3.29919434
5.05299997	3.29919434
5.05499983	3.29919434
5.05600023	3.29919434
5.05800009	3.29919434
5.05999994	3.29919434
5.06099987	3.29919434
5.06300020	3.29919434
5.06400013	3.29919434
5.06599998	3.29919434
5.06699991	3.29919434
5.06899977	3.29919434
5.07000017	3.29919434
5.07200003	3.29919434
5.07299995	3.29919434
5.07499981	3.29919434
5.07600021	3.29919434
5.07800007	3.29919434
5.07900000	3.29919434
5.08099985	3.29919434
5.08199978	3.29919434
5.08400011	3.29919434
5.08599997	3.29919434
5.08699989	3.29919434
5.08900023	3.29919434
5.09000015	3.29919434
5.09200001	3.29919434
5.09299994	3.29919434
5.09499979	3.29919434
5.09600019	3.29919434
5.09800005	3.29919434
5.09899998	3.29919434
5.10099983	3.29919434
5.10200024	3.29919434
5.10400009	3.29919434
5.10500002	3.29919434
5.10699987	3.29919434
5.10799980	3.29919434
5.11000013	3.29919434
5.11199999	3.29919434
5.11299992	3.29919434
5.11499977	3.29919434
5.11600018	3.29919434
5.11800003	3.29919434
5.11899996	3.29919434
5.12099981	3.29919434
5.12200022	3.29919434
5.12400007	3.29919434
5.12500000	3.29919434
5.12699986	3.29919434
5.12799978	3.29919434
5.13000011	3.29919434
5.13100004	3.29919434
5.13299990	3.29919434
5.13500023	3.29919434
5.13600016	3.29919434
5.14499998	3.29919434
5.14699984	3.29919434
5.13800001	3.29919434
5.13899994	3.29919434
5.14099979	3.29919434
5.14400005	3.29919434
5.14200020	3.29919434
5.14799976	3.29919434
5.15000010	3.29919434
5.15100002	3.29919434
5.15299988	3.29919434
5.15399981	3.29919434
5.15600014	3.29919434
5.15799999	3.29919434
5.15899992	3.29919434
5.16099977	3.29919434
5.16200018	3.29919434
5.16400003	3.29919434
5.16499996	3.29919434
5.16699982	3.29919434
5.16800022	3.29919434
5.17000008	3.29919434
5.17100000	3.29919434
5.17299986	3.29919434
5.17399979	3.29919434
5.17600012	3.29919434
5.17700005	3.29919434
5.17899990	3.29919434
5.18100023	3.29919434
5.18200016	3.29919434
5.18400002	3.29919434
5.18499994	3.29919434
5.18699980	3.29919434
5.18800020	3.29919434
5.19000006	3.29919434
5.19099998	3.29919434
5.19299984	3.29919434
5.19399977	3.29919434
5.19600010	3.29919434
5.19700003	3.29919434
5.19899988	3.29919434
5.19999981	3.29919434
5.20200014	3.29919434
5.20400000	3.29919434
5.20499992	3.29919434
5.20699978	3.29919434
5.20800018	3.29919434
5.21000004	3.29919434
5.21099997	3.29919434
5.21299982	3.29919434
5.21400023	3.29919434
5.21600008	3.29919434
5.21700001	3.29919434
5.21899986	3.29919434
5.21999979	3.29919434
5.22200012	3.29919434
5.22300005	3.29919434
5.22499990	3.29919434
5.22700024	3.29919434
5.22800016	3.29919434
5.23000002	3.29919434
5.23099995	3.29919434
5.23299980	3.29919434
5.23400021	3.29919434
5.23600006	3.29919434
5.23699999	3.29919434
5.23899984	3.29919434
5.23999977	3.29919434
5.24200010	3.29919434
5.24300003	3.29919434
5.24499989	3.29919434
5.24599981	3.29919434
5.24800014	3.29919434
5.25000000	3.29919434
5.25099993	3.29919434
5.25299978	3.29919434
5.25400019	3.29919434
5.25600004	3.29919434
5.25699997	3.29919434
5.25899982	3.29919434
5.26000023	3.29919434
5.26200008	3.29919434
5.26300001	3.29919434
5.26499987	3.29919434
5.26599979	3.29919434
5.26800013	3.29919434
5.26900005	3.29919434
5.27099991	3.29919434
5.27199984	3.29919434
5.27400017	3.29919434
5.27600002	3.29919434
5.27699995	3.29919434
5.27899981	3.29919434
5.28000021	3.29919434
5.28200006	3.29919434
5.28299999	3.29919434
5.28499985	3.29919434
5.28599977	3.29919434
5.28800011	3.29919434
5.28900003	3.29919434
5.29099989	3.29919434
5.29199982	3.29919434
5.29400015	3.29919434
5.29500008	3.29919434
5.29699993	3.29919434
5.29899979	3.29919434
5.30000019	3.29919434
5.30200005	3.29919434
5.30299997	3.29919434
5.30900002	3.29919434
5.31099987	3.29919434
5.31400013	3.29919434
5.31500006	3.29919434
5.31699991	3.29919434
5.31799984	3.29919434
5.32000017	3.29919434
5.32100010	3.29919434
5.32299995	3.29919434
5.32499981	3.29919434
5.32600021	3.29919434
5.32800007	3.29919434
5.32900000	3.29919434
5.33099985	3.29919434
5.33199978	3.29919434
5.33400011	3.29919434
5.33500004	3.29919434
5.33699989	3.29919434
5.33799982	3.29919434
5.34000015	3.29919434
5.34100008	3.29919434
5.34299994	3.29919434
5.34399986	3.29919434
5.34600019	3.29919434
5.34800005	3.29919434
5.34899998	3.29919434
5.35099983	3.29919434
5.35200024	3.29919434
5.35400009	3.29919434
5.35500002	3.29919434
5.35699987	3.29919434
5.35799980	3.29919434
5.36000013	3.29919434
5.36100006	3.29919434
5.36299992	3.29919434
5.36399984	3.29919434
5.36600018	3.29919434
5.36700010	3.29919434
5.36899996	3.29919434
5.36999989	3.29919434
5.37200022	3.29919434
5.37400007	3.29919434
5.37500000	3.29919434
5.37699986	3.29919434
5.37799978	3.29919434
5.38000011	3.29919434
5.38100004	3.29919434
5.31199980	3.29919434
5.38299990	3.29919434
5.38399982	3.29919434
5.38600016	3.29919434
5.38700008	3.29919434
5.38899994	3.29919434
5.38999987	3.29919434
5.39200020	3.29919434
5.39300013	3.29919434
5.39499998	3.29919434
5.39699984	3.29919434
5.39799976	3.29919434
5.40000010	3.29919434
5.30499983	3.29919434
5.30600023	3.29919434
5.30800009	3.29919434
5.40100002	3.29919434
5.40299988	3.29919434
5.40399981	3.29919434
5.40600014	3.29919434
5.40700006	3.29919434
5.40899992	3.29919434
5.40999985	3.29919434
5.41200018	3.29919434
5.41300011	3.29919434
5.41499996	3.29919434
5.41599989	3.29919434
5.41800022	3.29919434
5.41900015	3.29919434
5.42100000	3.29919434
5.42299986	3.29919434
5.42399979	3.29919434
5.42600012	3.29919434
5.42700005	3.29919434
5.42899990	3.29919434
5.42999983	3.29919434
5.43200016	3.29919434
5.43300009	3.29919434
5.43499994	3.29919434
5.43599987	3.29919434
5.43800020	3.29919434
5.43900013	3.29919434
5.44099998	3.29919434
5.44199991	3.29919434
5.44399977	3.29919434
5.44600010	3.29919434
5.44700003	3.29919434
5.44899988	3.29919434
5.44999981	3.29919434
5.45200014	3.29919434
5.45300007	3.29919434
5.45499992	3.29919434
5.45599985	3.29919434
5.45800018	3.29919434
5.45900011	3.29919434
5.46099997	3.29919434
5.46199989	3.29919434
5.46400023	3.29919434
5.46500015	3.29919434
5.46700001	3.29919434
5.46799994	3.29919434
5.46999979	3.29919434
5.47200012	3.29919434
5.47300005	3.29919434
5.47499990	3.29919434
5.47599983	3.29919434
5.47800016	3.29919434
5.47900009	3.29919434
5.48099995	3.29919434
5.48199987	3.29919434
5.48400021	3.29919434
5.48500013	3.29919434
5.48699999	3.29919434
5.48799992	3.29919434
5.48999977	3.29919434
5.49100018	3.29919434
5.49300003	3.29919434
5.49499989	3.29919434
5.49599981	3.29919434
5.49800014	3.29919434
5.49900007	3.29919434
5.50099993	3.29919434
5.50199986	3.29919434
5.50400019	3.29919434
5.50500011	3.29919434
5.50699997	3.29919434
5.50799990	3.29919434
5.51000023	3.29919434
5.51100016	3.29919434
5.51300001	3.29919434
5.51399994	3.29919434
5.51599979	3.29919434
5.51800013	3.29919434
5.51900005	3.29919434
5.52099991	3.29919434
5.52199984	3.29919434
5.52400017	3.29919434
5.52500010	3.29919434
5.52699995	3.29919434
5.52799988	3.29919434
5.53000021	3.29919434
5.53100014	3.29919434
5.53299999	3.29919434
5.53399992	3.29919434
5.53599977	3.29919434
5.53700018	3.29919434
5.53900003	3.29919434
5.53999996	3.29919434
5.54199982	3.29919434
5.54400015	3.29919434
5.54500008	3.29919434
5.54699993	3.29919434
5.54799986	3.29919434
5.55000019	3.29919434
5.55100012	3.29919434
5.55299997	3.29919434
5.55399990	3.29919434
5.55600023	3.29919434
5.55700016	3.29919434
5.55900002	3.29919434
5.55999994	3.29919434
5.56199980	3.29919434
5.56300020	3.29919434
5.56500006	3.29919434
5.56699991	3.29919434
5.56799984	3.29919434
5.57000017	3.29919434
5.57100010	3.29919434
5.57299995	3.29919434
5.57399988	3.29919434
5.57600021	3.29919434
5.57700014	3.29919434
5.57900000	3.29919434
5.57999992	3.29919434
5.58199978	3.29919434
5.58300018	3.29919434
5.58500004	3.29919434
5.58599997	3.29919434
5.58799982	3.29919434
5.59000015	3.29919434
5.59100008	3.29919434
5.59299994	3.29919434
5.59399986	3.29919434
5.59600019	3.29919434
5.59700012	3.29919434
5.59899998	3.29919434
5.59999990	3.29919434
5.60200024	3.29919434
5.60300016	3.29919434
5.60500002	3.29919434
5.60599995	3.29919434
5.60799980	3.29919434
5.60900021	3.29919434
5.61100006	3.29919434
5.61199999	3.29919434
5.61399984	3.29919434
5.61600018	3.29919434
5.61700010	3.29919434
5.61899996	3.29919434
5.61999989	3.29919434
5.62200022	3.29919434
5.62300014	3.29919434
5.62500000	3.29919434
5.62599993	3.29919434
5.62799978	3.29919434
5.62900019	3.29919434
5.63100004	3.29919434
5.63199997	3.29919434
5.63399982	3.29919434
5.63500023	3.29919434
5.63700008	3.29919434
5.63899994	3.29919434
5.63999987	3.29919434
5.64200020	3.29919434
5.64300013	3.29919434
5.64499998	3.29919434
5.64599991	3.29919434
5.64799976	3.29919434
5.64900017	3.29919434
5.65100002	3.29919434
5.65199995	3.29919434
5.65399981	3.29919434
5.65500021	3.29919434
5.65700006	3.29919434
5.65799999	3.29919434
5.65999985	3.29919434
5.66200018	3.29919434
5.66300011	3.29919434
5.66499996	3.29919434
5.66599989	3.29919434
5.66800022	3.29919434
5.66900015	3.29919434
5.67100000	3.29919434
5.67199993	3.29919434
5.67399979	3.29919434
5.67500019	3.29919434
5.67700005	3.29919434
5.67799997	3.29919434
5.67999983	3.29919434
5.68100023	3.29919434
5.68300009	3.29919434
5.68400002	3.29919434
5.68599987	3.29919434
5.68800020	3.29919434
5.68900013	3.29919434
5.69099998	3.29919434
5.69199991	3.29919434
5.69399977	3.29919434
5.69500017	3.29919434
5.69700003	3.29919434
5.69799995	3.29919434
5.69999981	3.29919434
5.70100021	3.29919434
5.70300007	3.29919434
5.70400000	3.29919434
5.70599985	3.29919434
5.70699978	3.29919434
5.70900011	3.29919434
5.71099997	3.29919434
5.71199989	3.29919434
5.71400023	3.29919434
5.71500015	3.29919434
5.71700001	3.29919434
5.71799994	3.29919434
5.71999979	3.29919434
5.72100019	3.29919434
5.72300005	3.29919434
5.72399998	3.29919434
5.72599983	3.29919434
5.72700024	3.29919434
5.72900009	3.29919434
5.73000002	3.29919434
5.73199987	3.29919434
5.73299980	3.29919434
5.73500013	3.29919434
5.73699999	3.29919434
5.73799992	3.29919434
5.73999977	3.29919434
5.74100018	3.29919434
5.74300003	3.29919434
5.74399996	3.29919434
5.74599981	3.29919434
5.74700022	3.29919434
5.74900007	3.29919434
5.75000000	3.29919434
5.75199986	3.29919434
5.75299978	3.29919434
5.75500011	3.29919434
5.75600004	3.29919434
5.75799990	3.29919434
5.76000023	3.29919434
5.76100016	3.29919434
5.76300001	3.29919434
5.76399994	3.29919434
5.76599979	3.29919434
5.76700020	3.29919434
5.76900005	3.29919434
5.76999998	3.29919434
5.77199984	3.29919434
5.77299976	3.29919434
5.77500010	3.29919434
5.77600002	3.29919434
5.77799988	3.29919434
5.77899981	3.29919434
5.78100014	3.29919434
5.78299999	3.29919434
5.78399992	3.29919434
5.78599977	3.29919434
5.78700018	3.29919434
5.78900003	3.29919434
5.78999996	3.29919434
5.79199982	3.29919434
5.79300022	3.29919434
5.79500008	3.29919434
5.79600000	3.29919434
5.79799986	3.29919434
5.79899979	3.29919434
5.80100012	3.29919434
5.80200005	3.29919434
5.80399990	3.29919434
5.80499983	3.29919434
5.80700016	3.29919434
5.80900002	3.29919434
5.80999994	3.29919434
5.81199980	3.29919434
5.81300020	3.29919434
5.81500006	3.29919434
5.81599998	3.29919434
5.81799984	3.29919434
5.81899977	3.29919434
5.82100010	3.29919434
5.82200003	3.29919434
5.82399988	3.29919434
5.82499981	3.29919434
5.82700014	3.29919434
5.82800007	3.29919434
5.82999992	3.29919434
5.83199978	3.29919434
5.83300018	3.29919434
5.83500004	3.29919434
5.83599997	3.29919434
5.83799982	3.29919434
5.83900023	3.29919434
5.84100008	3.29919434
5.84200001	3.29919434
5.84399986	3.29919434
5.84499979	3.29919434
5.84700012	3.29919434
5.84800005	3.29919434
5.84999990	3.29919434
5.85099983	3.29919434
5.85300016	3.29919434
5.85500002	3.29919434
5.85599995	3.29919434
5.85799980	3.29919434
5.85900021	3.29919434
5.86100006	3.29919434
5.86199999	3.29919434
5.86399984	3.29919434
5.86499977	3.29919434
5.86700010	3.29919434
5.86800003	3.29919434
5.86999989	3.29919434
5.87099981	3.29919434
5.87300014	3.29919434
5.87400007	3.29919434
5.87599993	3.29919434
5.87799978	3.29919434
5.87900019	3.29919434
5.88100004	3.29919434
5.88199997	3.29919434
5.88399982	3.29919434
5.88500023	3.29919434
5.88700008	3.29919434
5.88800001	3.29919434
5.88999987	3.29919434
5.89099979	3.29919434
5.89300013	3.29919434
5.89400005	3.29919434
5.89599991	3.29919434
5.89699984	3.29919434
5.89900017	3.29919434
5.90000010	3.29919434
5.90199995	3.29919434
5.90399981	3.29919434
5.90500021	3.29919434
5.90700006	3.29919434
5.90799999	3.29919434
5.90999985	3.29919434
5.91099977	3.29919434
5.91300011	3.29919434
5.91400003	3.29919434
5.91599989	3.29919434
5.91699982	3.29919434
5.91900015	3.29919434
5.92000008	3.29919434
5.92199993	3.29919434
5.92299986	3.29919434
5.92500019	3.29919434
5.92600012	3.29919434
5.92799997	3.29919434
5.92999983	3.29919434
5.93100023	3.29919434
5.93300009	3.29919434
5.93400002	3.29919434
5.93599987	3.29919434
5.93699980	3.29919434
5.93900013	3.29919434
5.94000006	3.29919434
5.94199991	3.29919434
5.94299984	3.29919434
5.94500017	3.29919434
5.94600010	3.29919434
5.94799995	3.29919434
5.94899988	3.29919434
5.95100021	3.29919434
5.95300007	3.29919434
5.95400000	3.29919434
5.95599985	3.29919434
5.95699978	3.29919434
5.95900011	3.29919434
5.96000004	3.29919434
5.96199989	3.29919434
5.96299982	3.29919434
5.96500015	3.29919434
5.96600008	3.29919434
5.96799994	3.29919434
5.96899986	3.29919434
5.97100019	3.29919434
5.97200012	3.29919434
5.97399998	3.29919434
5.97599983	3.29919434
5.97700024	3.29919434
5.97900009	3.29919434
5.98000002	3.29919434
5.98199987	3.29919434
5.98299980	3.29919434
5.98500013	3.29919434
5.98600006	3.29919434
5.98799992	3.29919434
5.98899984	3.29919434
5.99100018	3.29919434
5.99200010	3.29919434
5.99399996	3.29919434
5.99499989	3.29919434
5.99700022	3.29919434
5.99900007	3.29919434
6.00000000	3.29919434
6.00199986	3.29919434
6.00299978	3.29919434
6.00500011	3.29919434
6.00600004	3.29919434
6.00799990	3.29919434
6.00899982	3.29919434
6.01100016	3.29919434
6.01200008	3.29919434
6.01399994	3.29919434
6.01499987	3.29919434
6.01700020	3.29919434
6.01800013	3.29919434
6.01999998	3.29919434
6.02099991	3.29919434
6.02299976	3.29919434
6.02400017	3.29919434
6.02600002	3.29919434
6.02799988	3.29919434
6.02899981	3.29919434
6.03100014	3.29919434
6.03200006	3.29919434
6.03399992	3.29919434
6.03499985	3.29919434
6.03700018	3.29919434
6.03800011	3.29919434
6.03999996	3.29919434
6.04099989	3.29919434
6.04300022	3.29919434
6.04400015	3.29919434
6.04600000	3.29919434
6.04699993	3.29919434
6.04899979	3.29919434
6.05000019	3.29919434
6.05200005	3.29919434
6.05299997	3.29919434
6.05499983	3.29919434
6.05700016	3.29919434
6.05800009	3.29919434
6.05999994	3.29919434
6.06099987	3.29919434
6.06300020	3.29919434
6.06400013	3.29919434
6.06599998	3.29919434
6.06699991	3.29919434
6.06899977	3.29919434
6.07000017	3.29919434
6.07200003	3.29919434
6.07299995	3.29919434
6.07499981	3.29919434
6.07600021	3.29919434
6.07800007	3.29919434
6.07900000	3.29919434
6.08099985	3.29919434
6.08300018	3.29919434
6.08400011	3.29919434
6.08599997	3.29919434
6.08699989	3.29919434
6.08900023	3.29919434
6.09000015	3.29919434
6.09200001	3.29919434
6.09299994	3.29919434
6.09499979	3.29919434
6.09600019	3.29919434
6.09800005	3.29919434
6.09899998	3.29919434
6.10099983	3.29919434
6.10200024	3.29919434
6.10400009	3.29919434
6.10500002	3.29919434
6.10699987	3.29919434
6.10799980	3.29919434
6.11000013	3.29919434
6.11199999	3.29919434
6.11299992	3.29919434
6.11499977	3.29919434
6.11600018	3.29919434
6.11800003	3.29919434
6.11899996	3.29919434
6.12099981	3.29919434
6.12200022	3.29919434
6.12400007	3.29919434
6.12500000	3.29919434
6.12699986	3.29919434
6.12799978	3.29919434
6.13000011	3.29919434
6.13100004	3.29919434
6.13299990	3.29919434
6.13500023	3.29919434
6.13600016	3.29919434
6.13800001	3.29919434
6.13899994	3.29919434
6.14099979	3.29919434
6.14200020	3.29919434
6.14400005	3.29919434
6.14499998	3.29919434
6.14699984	3.29919434
6.14799976	3.29919434
6.15000010	3.29919434
6.15100002	3.29919434
6.15299988	3.29919434
6.15399981	3.29919434
6.15600014	3.29919434
6.15700006	3.29919434
6.15899992	3.29919434
6.16099977	3.29919434
6.16200018	3.29919434
6.16400003	3.29919434
6.16499996	3.29919434
6.16699982	3.29919434
6.16800022	3.29919434
6.17000008	3.29919434
6.17100000	3.29919434
6.17299986	3.29919434
6.17399979	3.29919434
6.17600012	3.29919434
6.17700005	3.29919434
6.17899990	3.29919434
6.17999983	3.29919434
6.18200016	3.29919434
6.18400002	3.29919434
6.18499994	3.29919434
6.18699980	3.29919434
6.18800020	3.29919434
6.19000006	3.29919434
6.19099998	3.29919434
6.19299984	3.29919434
6.19399977	3.29919434
6.19600010	3.29919434
6.19700003	3.29919434
6.19899988	3.29919434
6.19999981	3.29919434
6.20200014	3.29919434
6.20300007	3.29919434
6.20499992	3.29919434
6.20599985	3.29919434
6.20800018	3.29919434
6.21000004	3.29919434
6.21099997	3.29919434
6.21299982	3.29919434
6.21400023	3.29919434
6.21600008	3.29919434
6.21700001	3.29919434
6.21899986	3.29919434
6.21999979	3.29919434
6.22200012	3.29919434
6.22300005	3.29919434
6.22499990	3.29919434
6.22599983	3.29919434
6.22800016	3.29919434
6.22900009	3.29919434
6.23099995	3.29919434
6.23299980	3.29919434
6.23400021	3.29919434
6.23600006	3.29919434
6.23699999	3.29919434
6.23899984	3.29919434
6.23999977	3.29919434
6.24200010	3.29919434
6.24300003	3.29919434
6.24499989	3.29919434
6.24599981	3.29919434
6.24800014	3.29919434
6.24900007	3.29919434
6.25099993	3.29919434
6.25199986	3.29919434
6.25400019	3.29919434
6.25500011	3.29919434
6.25699997	3.29919434
6.25899982	3.29919434
6.26000023	3.29919434
6.26200008	3.29919434
6.26300001	3.29919434
6.26499987	3.29919434
6.26599979	3.29919434
6.26800013	3.29919434
6.26900005	3.29919434
6.27099991	3.29919434
6.27199984	3.29919434
6.27400017	3.29919434
6.27500010	3.29919434
6.27699995	3.29919434
6.27799988	3.29919434
6.28000021	3.29919434
6.28200006	3.29919434
6.28299999	3.29919434
6.28499985	3.29919434
6.28599977	3.29919434
6.28800011	3.29919434
6.28900003	3.29919434
6.29099989	3.29919434
6.29199982	3.29919434
6.29400015	3.29919434
6.29500008	3.29919434
6.29699993	3.29919434
6.29799986	3.29919434
6.30000019	3.29919434
6.30100012	3.29919434
6.30299997	3.29919434
6.30399990	3.29919434
6.30600023	3.29919434
6.30800009	3.29919434
6.30900002	3.29919434
6.31099987	3.29919434
6.31199980	3.29919434
6.31400013	3.29919434
6.31500006	3.29919434
6.31699991	3.29919434
6.31799984	3.29919434
6.32000017	3.29919434
6.32100010	3.29919434
6.32299995	3.29919434
6.32399988	3.29919434
6.32600021	3.29919434
6.32700014	3.29919434
6.32900000	3.29919434
6.33099985	3.29919434
6.33199978	3.29919434
6.33400011	3.29919434
6.33500004	3.29919434
6.33699989	3.29919434
6.33799982	3.29919434
6.34000015	3.29919434
6.34100008	3.29919434
6.34299994	3.29919434
6.34399986	3.29919434
6.34600019	3.29919434
6.34700012	3.29919434
6.34899998	3.29919434
6.34999990	3.29919434
6.35200024	3.29919434
6.35400009	3.29919434
6.35500002	3.29919434
6.35699987	3.29919434
6.35799980	3.29919434
6.36000013	3.29919434
6.36100006	3.29919434
6.36299992	3.29919434
6.36399984	3.29919434
6.36600018	3.29919434
6.36700010	3.29919434
6.36899996	3.29919434
6.36999989	3.29919434
6.37200022	3.29919434
6.37300014	3.29919434
6.37500000	3.29919434
6.37599993	3.29919434
6.37799978	3.29919434
6.38000011	3.29919434
6.38100004	3.29919434
6.38299990	3.29919434
6.38399982	3.29919434
6.38600016	3.29919434
6.38700008	3.29919434
6.38899994	3.29919434
6.38999987	3.29919434
6.39200020	3.29919434
6.39300013	3.29919434
6.39499998	3.29919434
6.39599991	3.29919434
6.39799976	3.29919434
6.39900017	3.29919434
6.40100002	3.29919434
6.40299988	3.29919434
6.40399981	3.29919434
6.40600014	3.29919434
6.40700006	3.29919434
6.40899992	3.29919434
6.40999985	3.29919434
6.41200018	3.29919434
6.41300011	3.29919434
6.41499996	3.29919434
6.41599989	3.29919434
6.41800022	3.29919434
6.41900015	3.29919434
6.42100000	3.29919434
6.42199993	3.29919434
6.42399979	3.29919434
6.42500019	3.29919434
6.42700005	3.29919434
6.42899990	3.29919434
6.42999983	3.29919434
6.43200016	3.29919434
6.43300009	3.29919434
6.43499994	3.29919434
6.43599987	3.29919434
6.43800020	3.29919434
6.43900013	3.29919434
6.44099998	3.29919434
6.44199991	3.29919434
6.44399977	3.29919434
6.44500017	3.29919434
6.44700003	3.29919434
6.44799995	3.29919434
6.44999981	3.29919434
6.45200014	3.29919434
6.45300007	3.29919434
6.45499992	3.29919434
6.45599985	3.29919434
6.45800018	3.29919434
6.45900011	3.29919434
6.46099997	3.29919434
6.46199989	3.29919434
6.46400023	3.29919434
6.46500015	3.29919434
6.46700001	3.29919434
6.46799994	3.29919434
6.46999979	3.29919434
6.47100019	3.29919434
6.47300005	3.29919434
6.47499990	3.29919434
6.47599983	3.29919434
6.47800016	3.29919434
6.47900009	3.29919434
6.48099995	3.29919434
6.48199987	3.29919434
6.48400021	3.29919434
6.48500013	3.29919434
6.48699999	3.29919434
6.48799992	3.29919434
6.48999977	3.29919434
6.49100018	3.29919434
6.49300003	3.29919434
6.49399996	3.29919434
6.49599981	3.29919434
6.49800014	3.29919434
6.49900007	3.29919434
6.50099993	3.29919434
6.50199986	3.29919434
6.50400019	3.29919434
6.50500011	3.29919434
6.50699997	3.29919434
6.50799990	3.29919434
6.51000023	3.29919434
6.51100016	3.29919434
6.51300001	3.29919434
6.51399994	3.29919434
6.51599979	3.29919434
6.51700020	3.29919434
6.51900005	3.29919434
6.51999998	3.29919434
6.52199984	3.29919434
6.52400017	3.29919434
6.52500010	3.29919434
6.52699995	3.29919434
6.52799988	3.29919434
6.53000021	3.29919434
6.53100014	3.29919434
6.53299999	3.29919434
6.53399992	3.29919434
6.53599977	3.29919434
6.53700018	3.29919434
6.53900003	3.29919434
6.53999996	3.29919434
6.54199982	3.29919434
6.54300022	3.29919434
6.54500008	3.29919434
6.54699993	3.29919434
6.54799986	3.29919434
6.55000019	3.29919434
6.55100012	3.29919434
6.55299997	3.29919434
6.55399990	3.29919434
6.55600023	3.29919434
6.55700016	3.29919434
6.55900002	3.29919434
6.55999994	3.29919434
6.56199980	3.29919434
6.56300020	3.29919434
6.56500006	3.29919434
6.56599998	3.29919434
6.56799984	3.29919434
6.57000017	3.29919434
6.57100010	3.29919434
6.57299995	3.29919434
6.57399988	3.29919434
6.57600021	3.29919434
6.57700014	3.29919434
6.57900000	3.29919434
6.57999992	3.29919434
6.58199978	3.29919434
6.58300018	3.29919434
6.58500004	3.29919434
6.58599997	3.29919434
6.58799982	3.29919434
6.58900023	3.29919434
6.59100008	3.29919434
6.59200001	3.29919434
6.59399986	3.29919434
6.59600019	3.29919434
6.59700012	3.29919434
6.59899998	3.29919434
6.59999990	3.29919434
6.60200024	3.29919434
6.60300016	3.29919434
6.60500002	3.29919434
6.60599995	3.29919434
6.60799980	3.29919434
6.60900021	3.29919434
6.61100006	3.29919434
6.61199999	3.29919434
6.61399984	3.29919434
6.61499977	3.29919434
6.61700010	3.29919434
6.61899996	3.29919434
6.61999989	3.29919434
6.62200022	3.29919434
6.62300014	3.29919434
6.62500000	3.29919434
6.62599993	3.29919434
6.62799978	3.29919434
6.62900019	3.29919434
6.63100004	3.29919434
6.63199997	3.29919434
6.63399982	3.29919434
6.63500023	3.29919434
6.63700008	3.29919434
6.63800001	3.29919434
6.63999987	3.29919434
6.64099979	3.29919434
6.64300013	3.29919434
6.64499998	3.29919434
6.64599991	3.29919434
6.64799976	3.29919434
6.64900017	3.29919434
6.65100002	3.29919434
6.65199995	3.29919434
6.65399981	3.29919434
6.65500021	3.29919434
6.65700006	3.29919434
6.65799999	3.29919434
6.65999985	3.29919434
6.66099977	3.29919434
6.66300011	3.29919434
6.66400003	3.29919434
6.66599989	3.29919434
6.66800022	3.29919434
6.66900015	3.29919434
6.67100000	3.29919434
6.67199993	3.29919434
6.67399979	3.29919434
6.67500019	3.29919434
6.67700005	3.29919434
6.67799997	3.29919434
6.67999983	3.29919434
6.68100023	3.29919434
6.68300009	3.29919434
6.68400002	3.29919434
6.68599987	3.29919434
6.68699980	3.29919434
6.68900013	3.29919434
6.69000006	3.29919434
6.69199991	3.29919434
6.69399977	3.29919434
6.69500017	3.29919434
6.69700003	3.29919434
6.69799995	3.29919434
6.69999981	3.29919434
6.70100021	3.29919434
6.70300007	3.29919434
6.70400000	3.29919434
6.70599985	3.29919434
6.70699978	3.29919434
6.70900011	3.29919434
6.71000004	3.29919434
6.71199989	3.29919434
6.71299982	3.29919434
6.71500015	3.29919434
6.71700001	3.29919434
6.71799994	3.29919434
6.71999979	3.29919434
6.72100019	3.29919434
6.72300005	3.29919434
6.72399998	3.29919434
6.72599983	3.29919434
6.72700024	3.29919434
6.72900009	3.29919434
6.73000002	3.29919434
6.73199987	3.29919434
6.73299980	3.29919434
6.73500013	3.29919434
6.73600006	3.29919434
6.73799992	3.29919434
6.73899984	3.29919434
6.74100018	3.29919434
6.74300003	3.29919434
6.74399996	3.29919434
6.74599981	3.29919434
6.74700022	3.29919434
6.74900007	3.29919434
6.75000000	3.29919434
6.75199986	3.29919434
6.75299978	3.29919434
6.75500011	3.29919434
6.75600004	3.29919434
6.75799990	3.29919434
6.75899982	3.29919434
6.76100016	3.29919434
6.76200008	3.29919434
6.76399994	3.29919434
6.76599979	3.29919434
6.76700020	3.29919434
6.76900005	3.29919434
6.76999998	3.29919434
6.77199984	3.29919434
6.77299976	3.29919434
6.77500010	3.29919434
6.77600002	3.29919434
6.77799988	3.29919434
6.77899981	3.29919434
6.78100014	3.29919434
6.78200006	3.29919434
6.78399992	3.29919434
6.78499985	3.29919434
6.78700018	3.29919434
6.78800011	3.29919434
6.78999996	3.29919434
6.79199982	3.29919434
6.79300022	3.29919434
6.79500008	3.29919434
6.79600000	3.29919434
6.79799986	3.29919434
6.79899979	3.29919434
6.80100012	3.29919434
6.80200005	3.29919434
6.80399990	3.29919434
6.80499983	3.29919434
6.80700016	3.29919434
6.80800009	3.29919434
6.80999994	3.29919434
6.81099987	3.29919434
6.81300020	3.29919434
6.81400013	3.29919434
6.81599998	3.29919434
6.81799984	3.29919434
6.81899977	3.29919434
6.82100010	3.29919434
6.82200003	3.29919434
6.82399988	3.29919434
6.82499981	3.29919434
6.82700014	3.29919434
6.82800007	3.29919434
6.82999992	3.29919434
6.83099985	3.29919434
6.83300018	3.29919434
6.83400011	3.29919434
6.83599997	3.29919434
6.83699989	3.29919434
6.83900023	3.29919434
6.84100008	3.29919434
6.84200001	3.29919434
6.84399986	3.29919434
6.84499979	3.29919434
6.84700012	3.29919434
6.84800005	3.29919434
6.84999990	3.29919434
6.85099983	3.29919434
6.85300016	3.29919434
6.85400009	3.29919434
6.85599995	3.29919434
6.85699987	3.29919434
6.85900021	3.29919434
6.86000013	3.29919434
6.86199999	3.29919434
6.86399984	3.29919434
6.86499977	3.29919434
6.86700010	3.29919434
6.86800003	3.29919434
6.86999989	3.29919434
6.87099981	3.29919434
6.87300014	3.29919434
6.87400007	3.29919434
6.87599993	3.29919434
6.87699986	3.29919434
6.87900019	3.29919434
6.88000011	3.29919434
6.88199997	3.29919434
6.88299990	3.29919434
6.88500023	3.29919434
6.88700008	3.29919434
6.88800001	3.29919434
6.88999987	3.29919434
6.89099979	3.29919434
6.89300013	3.29919434
6.89400005	3.29919434
6.89599991	3.29919434
6.89699984	3.29919434
6.89900017	3.29919434
6.90000010	3.29919434
6.90199995	3.29919434
6.90299988	3.29919434
6.90500021	3.29919434
6.90600014	3.29919434
6.90799999	3.29919434
6.90899992	3.29919434
6.91099977	3.29919434
6.91300011	3.29919434
6.91400003	3.29919434
6.91599989	3.29919434
6.91699982	3.29919434
6.91900015	3.29919434
6.92000008	3.29919434
6.92199993	3.29919434
6.92299986	3.29919434
6.92500019	3.29919434
6.92600012	3.29919434
6.92799997	3.29919434
6.92899990	3.29919434
6.93100023	3.29919434
6.93200016	3.29919434
6.93400002	3.29919434
6.93499994	3.29919434
6.93699980	3.29919434
6.93900013	3.29919434
6.94000006	3.29919434
6.94199991	3.29919434
6.94299984	3.29919434
6.94500017	3.29919434
6.94600010	3.29919434
6.94799995	3.29919434
6.94899988	3.29919434
6.95100021	3.29919434
6.95200014	3.29919434
6.95400000	3.29919434
6.95499992	3.29919434
6.95699978	3.29919434
6.95800018	3.29919434
6.96000004	3.29919434
6.96199989	3.29919434
6.96299982	3.29919434
6.96500015	3.29919434
6.96600008	3.29919434
6.96799994	3.29919434
6.96899986	3.29919434
6.97100019	3.29919434
6.97200012	3.29919434
6.97399998	3.29919434
6.97499990	3.29919434
6.97700024	3.29919434
6.97800016	3.29919434
6.98000002	3.29919434
6.98099995	3.29919434
6.98299980	3.29919434
6.98500013	3.29919434
6.98600006	3.29919434
6.98799992	3.29919434
6.98899984	3.29919434
6.99100018	3.29919434
6.99200010	3.29919434
6.99399996	3.29919434
6.99499989	3.29919434
6.99700022	3.29919434
6.99800014	3.29919434
7.00000000	3.29919434
7.00099993	3.29919434
7.00299978	3.29919434
7.00400019	3.29919434
7.00600004	3.29919434
7.00699997	3.29919434
7.00899982	3.29919434
7.01000023	3.29919434
7.01200008	3.29919434
7.01399994	3.29919434
7.01499987	3.29919434
7.01700020	3.29919434
7.01800013	3.29919434
7.01999998	3.29919434
7.02099991	3.29919434
7.02299976	3.29919434
7.02400017	3.29919434
7.02600002	3.29919434
7.02699995	3.29919434
7.02899981	3.29919434
7.03000021	3.29919434
7.03200006	3.29919434
7.03299999	3.29919434
7.03499985	3.29919434
7.03599977	3.29919434
7.03800011	3.29919434
7.03900003	3.29919434
7.04099989	3.29919434
7.04300022	3.29919434
7.04400015	3.29919434
7.04600000	3.29919434
7.04699993	3.29919434
7.04899979	3.29919434
7.05000019	3.29919434
7.05200005	3.29919434
7.05299997	3.29919434
7.05499983	3.29919434
7.05600023	3.29919434
7.05800009	3.29919434
7.05900002	3.29919434
7.06099987	3.29919434
7.06199980	3.29919434
7.06400013	3.29919434
7.06500006	3.29919434
7.06699991	3.29919434
7.06899977	3.29919434
7.07000017	3.29919434
7.07200003	3.29919434
7.07299995	3.29919434
7.07499981	3.29919434
7.07600021	3.29919434
7.07800007	3.29919434
7.07900000	3.29919434
7.08099985	3.29919434
7.08199978	3.29919434
7.08400011	3.29919434
7.08500004	3.29919434
7.08699989	3.29919434
7.08799982	3.29919434
7.09000015	3.29919434
7.09100008	3.29919434
7.09299994	3.29919434
7.09499979	3.29919434
7.09600019	3.29919434
7.09800005	3.29919434
7.09899998	3.29919434
7.10099983	3.29919434
7.10200024	3.29919434
7.10400009	3.29919434
7.10500002	3.29919434
7.10699987	3.29919434
7.10799980	3.29919434
7.11000013	3.29919434
7.11100006	3.29919434
7.11299992	3.29919434
7.11399984	3.29919434
7.11600018	3.29919434
7.11700010	3.29919434
7.11899996	3.29919434
7.12099981	3.29919434
7.12200022	3.29919434
7.12400007	3.29919434
7.12500000	3.29919434
7.12699986	3.29919434
7.12799978	3.29919434
7.13000011	3.29919434
7.13100004	3.29919434
7.13299990	3.29919434
7.13399982	3.29919434
7.13600016	3.29919434
7.13700008	3.29919434
7.13899994	3.29919434
7.13999987	3.29919434
7.14200020	3.29919434
7.14300013	3.29919434
7.14499998	3.29919434
7.14699984	3.29919434
7.14799976	3.29919434
7.15000010	3.29919434
7.15100002	3.29919434
7.15299988	3.29919434
7.15399981	3.29919434
7.15600014	3.29919434
7.15700006	3.29919434
7.15899992	3.29919434
7.15999985	3.29919434
7.16200018	3.29919434
7.16300011	3.29919434
7.16499996	3.29919434
7.16599989	3.29919434
7.16800022	3.29919434
7.17000008	3.29919434
7.17100000	3.29919434
7.17299986	3.29919434
7.17399979	3.29919434
7.17600012	3.29919434
7.17700005	3.29919434
7.17899990	3.29919434
7.17999983	3.29919434
7.18200016	3.29919434
7.18300009	3.29919434
7.18499994	3.29919434
7.18599987	3.29919434
7.18800020	3.29919434
7.18900013	3.29919434
7.19099998	3.29919434
7.19199991	3.29919434
7.19399977	3.29919434
7.19600010	3.29919434
7.19700003	3.29919434
7.19899988	3.29919434
7.19999981	3.29919434
7.20200014	3.29919434
7.20300007	3.29919434
7.20499992	3.29919434
7.20599985	3.29919434
7.20800018	3.29919434
7.20900011	3.29919434
7.21099997	3.29919434
7.21199989	3.29919434
7.21400023	3.29919434
7.21500015	3.29919434
7.21700001	3.29919434
7.21899986	3.29919434
7.21999979	3.29919434
7.22200012	3.29919434
7.22300005	3.29919434
7.22499990	3.29919434
7.22599983	3.29919434
7.22800016	3.29919434
7.22900009	3.29919434
7.23099995	3.29919434
7.23199987	3.29919434
7.23400021	3.29919434
7.23500013	3.29919434
7.23699999	3.29919434
7.23799992	3.29919434
7.23999977	3.29919434
7.24200010	3.29919434
7.24300003	3.29919434
7.24499989	3.29919434
7.24599981	3.29919434
7.24800014	3.29919434
7.24900007	3.29919434
7.25099993	3.29919434
7.25199986	3.29919434
7.25400019	3.29919434
7.25500011	3.29919434
7.25699997	3.29919434
7.25799990	3.29919434
7.26000023	3.29919434
7.26100016	3.29919434
7.26300001	3.29919434
7.26399994	3.29919434
7.26599979	3.29919434
7.26800013	3.29919434
7.26900005	3.29919434
7.27099991	3.29919434
7.27199984	3.29919434
7.27400017	3.29919434
7.27500010	3.29919434
7.27699995	3.29919434
7.27799988	3.29919434
7.28000021	3.29919434
7.28100014	3.29919434
7.28299999	3.29919434
7.28399992	3.29919434
7.28599977	3.29919434
7.28700018	3.29919434
7.28900003	3.29919434
7.29099989	3.29919434
7.29199982	3.29919434
7.29400015	3.29919434
7.29500008	3.29919434
7.29699993	3.29919434
7.29799986	3.29919434
7.30000019	3.29919434
7.30100012	3.29919434
7.30299997	3.29919434
7.30399990	3.29919434
7.30600023	3.29919434
7.30700016	3.29919434
7.30900002	3.29919434
7.30999994	3.29919434
7.31199980	3.29919434
7.31300020	3.29919434
7.31500006	3.29919434
7.31699991	3.29919434
7.31799984	3.29919434
7.32000017	3.29919434
7.32100010	3.29919434
7.32299995	3.29919434
7.32399988	3.29919434
7.32600021	3.29919434
7.32700014	3.29919434
7.32900000	3.29919434
7.32999992	3.29919434
7.33199978	3.29919434
7.33300018	3.29919434
7.33500004	3.29919434
7.33599997	3.29919434
7.33799982	3.29919434
7.34000015	3.29919434
7.34100008	3.29919434
7.34299994	3.29919434
7.34399986	3.29919434
7.34600019	3.29919434
7.34700012	3.29919434
7.34899998	3.29919434
7.34999990	3.29919434
7.35200024	3.29919434
7.35300016	3.29919434
7.35500002	3.29919434
7.35599995	3.29919434
7.35799980	3.29919434
7.36000013	3.29919434
7.36100006	3.29919434
7.36299992	3.29919434
7.36399984	3.29919434
7.36600018	3.29919434
7.36700010	3.29919434
7.36899996	3.29919434
7.36999989	3.29919434
7.37200022	3.29919434
7.37300014	3.29919434
7.37500000	3.29919434
7.37599993	3.29919434
7.37799978	3.29919434
7.37900019	3.29919434
7.38100004	3.29919434
7.38199997	3.29919434
7.38399982	3.29919434
7.38600016	3.29919434
7.38700008	3.29919434
7.38899994	3.29919434
7.38999987	3.29919434
7.39200020	3.29919434
7.39300013	3.29919434
7.39499998	3.29919434
7.39599991	3.29919434
7.39799976	3.29919434
7.39900017	3.29919434
7.40100002	3.29919434
7.40199995	3.29919434
7.40399981	3.29919434
7.40500021	3.29919434
7.40700006	3.29919434
7.40799999	3.29919434
7.40999985	3.29919434
7.41200018	3.29919434
7.41300011	3.29919434
7.41499996	3.29919434
7.41599989	3.29919434
7.41800022	3.29919434
7.41900015	3.29919434
7.42100000	3.29919434
7.42199993	3.29919434
7.42399979	3.29919434
7.42500019	3.29919434
7.42700005	3.29919434
7.42799997	3.29919434
7.42999983	3.29919434
7.43100023	3.29919434
7.43300009	3.29919434
7.43499994	3.29919434
7.43599987	3.29919434
7.43800020	3.29919434
7.43900013	3.29919434
7.44099998	3.29919434
7.44199991	3.29919434
7.44399977	3.29919434
7.44500017	3.29919434
7.44700003	3.29919434
7.44799995	3.29919434
7.44999981	3.29919434
7.45100021	3.29919434
7.45300007	3.29919434
7.45400000	3.29919434
7.45599985	3.29919434
7.45800018	3.29919434
7.45900011	3.29919434
7.46099997	3.29919434
7.46199989	3.29919434
7.46400023	3.29919434
7.46500015	3.29919434
7.46700001	3.29919434
7.46799994	3.29919434
7.46999979	3.29919434
7.47100019	3.29919434
7.47300005	3.29919434
7.47399998	3.29919434
7.47599983	3.29919434
7.47700024	3.29919434
7.47900009	3.29919434
7.48099995	3.29919434
7.48199987	3.29919434
7.48400021	3.29919434
7.48500013	3.29919434
7.48699999	3.29919434
7.48799992	3.29919434
7.48999977	3.29919434
7.49100018	3.29919434
7.49300003	3.29919434
7.49399996	3.29919434
7.49599981	3.29919434
7.49700022	3.29919434
7.49900007	3.29919434
7.50000000	3.29919434
7.50199986	3.29919434
7.50299978	3.29919434
7.50500011	3.29919434
7.50699997	3.29919434
7.50799990	3.29919434
7.51000023	3.29919434
7.51100016	3.29919434
7.51300001	3.29919434
7.51399994	3.29919434
7.51599979	3.29919434
7.51700020	3.29919434
7.51900005	3.29919434
7.51999998	3.29919434
7.52199984	3.29919434
7.52299976	3.29919434
7.52500010	3.29919434
7.52600002	3.29919434
7.52799988	3.29919434
7.52899981	3.29919434
7.53100014	3.29919434
7.53299999	3.29919434
7.53399992	3.29919434
7.53599977	3.29919434
7.53700018	3.29919434
7.53900003	3.29919434
7.53999996	3.29919434
7.54199982	3.29919434
7.54300022	3.29919434
7.54500008	3.29919434
7.54600000	3.29919434
7.54799986	3.29919434
7.54899979	3.29919434
7.55100012	3.29919434
7.55200005	3.29919434
7.55399990	3.29919434
7.55600023	3.29919434
7.55700016	3.29919434
7.55900002	3.29919434
7.55999994	3.29919434
7.56199980	3.29919434
7.56300020	3.29919434
7.56500006	3.29919434
7.56599998	3.29919434
7.56799984	3.29919434
7.56899977	3.29919434
7.57100010	3.29919434
7.57200003	3.29919434
7.57399988	3.29919434
7.57499981	3.29919434
7.57700014	3.29919434
7.57900000	3.29919434
7.57999992	3.29919434
7.58199978	3.29919434
7.58300018	3.29919434
7.58500004	3.29919434
7.58599997	3.29919434
7.58799982	3.29919434
7.58900023	3.29919434
7.59100008	3.29919434
7.59200001	3.29919434
7.59399986	3.29919434
7.59499979	3.29919434
7.59700012	3.29919434
7.59800005	3.29919434
7.59999990	3.29919434
7.60200024	3.29919434
7.60300016	3.29919434
7.60500002	3.29919434
7.60599995	3.29919434
7.60799980	3.29919434
7.60900021	3.29919434
7.61100006	3.29919434
7.61199999	3.29919434
7.61399984	3.29919434
7.61499977	3.29919434
7.61700010	3.29919434
7.61800003	3.29919434
7.61999989	3.29919434
7.62099981	3.29919434
7.62300014	3.29919434
7.62400007	3.29919434
7.62599993	3.29919434
7.62799978	3.29919434
7.62900019	3.29919434
7.63100004	3.29919434
7.63199997	3.29919434
7.63399982	3.29919434
7.63500023	3.29919434
7.63700008	3.29919434
7.63800001	3.29919434
7.63999987	3.29919434
7.64099979	3.29919434
7.64300013	3.29919434
7.64400005	3.29919434
7.64599991	3.29919434
7.64699984	3.29919434
7.64900017	3.29919434
7.65100002	3.29919434
7.65199995	3.29919434
7.65399981	3.29919434
7.65500021	3.29919434
7.65700006	3.29919434
7.65799999	3.29919434
7.65999985	3.29919434
7.66099977	3.29919434
7.66300011	3.29919434
7.66400003	3.29919434
7.66599989	3.29919434
7.66699982	3.29919434
7.66900015	3.29919434
7.67000008	3.29919434
7.67199993	3.29919434
7.67299986	3.29919434
7.67500019	3.29919434
7.67700005	3.29919434
7.67799997	3.29919434
7.67999983	3.29919434
7.68100023	3.29919434
7.68300009	3.29919434
7.68400002	3.29919434
7.68599987	3.29919434
7.68699980	3.29919434
7.68900013	3.29919434
7.69000006	3.29919434
7.69199991	3.29919434
7.69299984	3.29919434
7.69500017	3.29919434
7.69600010	3.29919434
7.69799995	3.29919434
7.69999981	3.29919434
7.70100021	3.29919434
7.70300007	3.29919434
7.70400000	3.29919434
7.70599985	3.29919434
7.70699978	3.29919434
7.70900011	3.29919434
7.71000004	3.29919434
7.71199989	3.29919434
7.71299982	3.29919434
7.71500015	3.29919434
7.71600008	3.29919434
7.71799994	3.29919434
7.71899986	3.29919434
7.72100019	3.29919434
7.72300005	3.29919434
7.72399998	3.29919434
7.72599983	3.29919434
7.72700024	3.29919434
7.72900009	3.29919434
7.73000002	3.29919434
7.73199987	3.29919434
7.73299980	3.29919434
7.73500013	3.29919434
7.73600006	3.29919434
7.73799992	3.29919434
7.73899984	3.29919434
7.74100018	3.29919434
7.74200010	3.29919434
7.74399996	3.29919434
7.74499989	3.29919434
7.74700022	3.29919434
7.74900007	3.29919434
7.75000000	3.29919434
7.75199986	3.29919434
7.75299978	3.29919434
7.75500011	3.29919434
7.75600004	3.29919434
7.75799990	3.29919434
7.75899982	3.29919434
7.76100016	3.29919434
7.76200008	3.29919434
7.76399994	3.29919434
7.76499987	3.29919434
7.76700020	3.29919434
7.76800013	3.29919434
7.76999998	3.29919434
7.77099991	3.29919434
7.77299976	3.29919434
7.77500010	3.29919434
7.77600002	3.29919434
7.77799988	3.29919434
7.77899981	3.29919434
7.78100014	3.29919434
7.78200006	3.29919434
7.78399992	3.29919434
7.78499985	3.29919434
7.78700018	3.29919434
7.78800011	3.29919434
7.78999996	3.29919434
7.79099989	3.29919434
7.79300022	3.29919434
7.79400015	3.29919434
7.79600000	3.29919434
7.79699993	3.29919434
7.79899979	3.29919434
7.80100012	3.29919434
7.80200005	3.29919434
7.80399990	3.29919434
7.80499983	3.29919434
7.80700016	3.29919434
7.80800009	3.29919434
7.80999994	3.29919434
7.81099987	3.29919434
7.81300020	3.29919434
7.81400013	3.29919434
7.81599998	3.29919434
7.81699991	3.29919434
7.81899977	3.29919434
7.82000017	3.29919434
7.82200003	3.29919434
7.82299995	3.29919434
7.82499981	3.29919434
7.82700014	3.29919434
7.82800007	3.29919434
7.82999992	3.29919434
7.83099985	3.29919434
7.83300018	3.29919434
7.83400011	3.29919434
7.83599997	3.29919434
7.83699989	3.29919434
7.83900023	3.29919434
7.84000015	3.29919434
7.84200001	3.29919434
7.84299994	3.29919434
7.84499979	3.29919434
7.84600019	3.29919434
7.84800005	3.29919434
7.84999990	3.29919434
7.85099983	3.29919434
7.85300016	3.29919434
7.85400009	3.29919434
7.85599995	3.29919434
7.85699987	3.29919434
7.85900021	3.29919434
7.86000013	3.29919434
7.86199999	3.29919434
7.86299992	3.29919434
7.86499977	3.29919434
7.86600018	3.29919434
7.86800003	3.29919434
7.86899996	3.29919434
7.87099981	3.29919434
7.87300014	3.29919434
7.87400007	3.29919434
7.87599993	3.29919434
7.87699986	3.29919434
7.87900019	3.29919434
7.88000011	3.29919434
7.88199997	3.29919434
7.88299990	3.29919434
7.88500023	3.29919434
7.88600016	3.29919434
7.88800001	3.29919434
7.88899994	3.29919434
7.89099979	3.29919434
7.89200020	3.29919434
7.89400005	3.29919434
7.89499998	3.29919434
7.89699984	3.29919434
7.89900017	3.29919434
7.90000010	3.29919434
7.90199995	3.29919434
7.90299988	3.29919434
7.90500021	3.29919434
7.90600014	3.29919434
7.90799999	3.29919434
7.90899992	3.29919434
7.91099977	3.29919434
7.91200018	3.29919434
7.91400003	3.29919434
7.91499996	3.29919434
7.91699982	3.29919434
7.91800022	3.29919434
7.92000008	3.29919434
7.92100000	3.29919434
7.92299986	3.29919434
7.92500019	3.29919434
7.92600012	3.29919434
7.92799997	3.29919434
7.92899990	3.29919434
7.93100023	3.29919434
7.93200016	3.29919434
7.93400002	3.29919434
7.93499994	3.29919434
7.93699980	3.29919434
7.93800020	3.29919434
7.94000006	3.29919434
7.94099998	3.29919434
7.94299984	3.29919434
7.94399977	3.29919434
7.94600010	3.29919434
7.94700003	3.29919434
7.94899988	3.29919434
7.95100021	3.29919434
7.95200014	3.29919434
7.95400000	3.29919434
7.95499992	3.29919434
7.95699978	3.29919434
7.95800018	3.29919434
7.96000004	3.29919434
7.96099997	3.29919434
7.96299982	3.29919434
7.96400023	3.29919434
7.96600008	3.29919434
7.96700001	3.29919434
7.96899986	3.29919434
7.96999979	3.29919434
7.97200012	3.29919434
7.97399998	3.29919434
7.97499990	3.29919434
7.97700024	3.29919434
7.97800016	3.29919434
7.98000002	3.29919434
7.98099995	3.29919434
7.98299980	3.29919434
7.98400021	3.29919434
7.98600006	3.29919434
7.98699999	3.29919434
7.98899984	3.29919434
7.98999977	3.29919434
7.99200010	3.29919434
7.99300003	3.29919434
7.99499989	3.29919434
7.99599981	3.29919434
7.99800014	3.29919434
8.00000000	3.29919434
8.00100040	3.29919434
8.00300026	3.29919434
8.00399971	3.29919434
8.00599957	3.29919434
8.00699997	3.29919434
8.00899982	3.29919434
8.01000023	3.29919434
8.01200008	3.29919434
8.01299953	3.29919434
8.01500034	3.29919434
8.01599979	3.29919434
8.01799965	3.29919434
8.01900005	3.29919434
8.02099991	3.29919434
8.02200031	3.29919434
8.02400017	3.29919434
8.02499962	3.29919434
8.02700043	3.29919434
8.02900028	3.29919434
8.02999973	3.29919434
8.03199959	3.29919434
8.03299999	3.29919434
8.03499985	3.29919434
8.03600025	3.29919434
8.03800011	3.29919434
8.03899956	3.29919434
8.04100037	3.29919434
8.04199982	3.29919434
8.04399967	3.29919434
8.04500008	3.29919434
8.04699993	3.29919434
8.04800034	3.29919434
8.05000019	3.29919434
8.05099964	3.29919434
8.05300045	3.29919434
8.05500031	3.29919434
8.05599976	3.29919434
8.05799961	3.29919434
8.05900002	3.29919434
8.06099987	3.29919434
8.06200027	3.29919434
8.06400013	3.29919434
8.06499958	3.29919434
8.06700039	3.29919434
8.06799984	3.29919434
8.06999969	3.29919434
8.07100010	3.29919434
8.07299995	3.29919434
8.07400036	3.29919434
8.07600021	3.29919434
8.07699966	3.29919434
8.07900047	3.29919434
8.08100033	3.29919434
8.08199978	3.29919434
8.08399963	3.29919434
8.08500004	3.29919434
8.08699989	3.29919434
8.08800030	3.29919434
8.09000015	3.29919434
8.09099960	3.29919434
8.09300041	3.29919434
8.09399986	3.29919434
8.09599972	3.29919434
8.09700012	3.29919434
8.09899998	3.29919434
8.10000038	3.29919434
8.10200024	3.29919434
8.10299969	3.29919434
8.10499954	3.29919434
8.10700035	3.29919434
8.10799980	3.29919434
8.10999966	3.29919434
8.11100006	3.29919434
8.11299992	3.29919434
8.11400032	3.29919434
8.11600018	3.29919434
8.11699963	3.29919434
8.11900043	3.29919434
8.11999989	3.29919434
8.12199974	3.29919434
8.12300014	3.29919434
8.12500000	3.29919434
8.12600040	3.29919434
8.12800026	3.29919434
8.12899971	3.29919434
8.13099957	3.29919434
8.13300037	3.29919434
8.13399982	3.29919434
8.13599968	3.29919434
8.13700008	3.29919434
8.13899994	3.29919434
8.14000034	3.29919434
8.14200020	3.29919434
8.14299965	3.29919434
8.14500046	3.29919434
8.14599991	3.29919434
8.14799976	3.29919434
8.14900017	3.29919434
8.15100002	3.29919434
8.15200043	3.29919434
8.15400028	3.29919434
8.15600014	3.29919434
8.15699959	3.29919434
8.15900040	3.29919434
8.15999985	3.29919434
8.16199970	3.29919434
8.16300011	3.29919434
8.16499996	3.29919434
8.16600037	3.29919434
8.16800022	3.29919434
8.16899967	3.29919434
8.17099953	3.29919434
8.17199993	3.29919434
8.17399979	3.29919434
8.17500019	3.29919434
8.17700005	3.29919434
8.17899990	3.29919434
8.18000031	3.29919434
8.18200016	3.29919434
8.18299961	3.29919434
8.18500042	3.29919434
8.18599987	3.29919434
8.18799973	3.29919434
8.18900013	3.29919434
8.19099998	3.29919434
8.19200039	3.29919434
8.19400024	3.29919434
8.19499969	3.29919434
8.19699955	3.29919434
8.19799995	3.29919434
8.19999981	3.29919434
8.20199966	3.29919434
8.20300007	3.29919434
8.20499992	3.29919434
8.20600033	3.29919434
8.20800018	3.29919434
8.20899963	3.29919434
8.21100044	3.29919434
8.21199989	3.29919434
8.21399975	3.29919434
8.21500015	3.29919434
8.21700001	3.29919434
8.21800041	3.29919434
8.22000027	3.29919434
8.22099972	3.29919434
8.22299957	3.29919434
8.22399998	3.29919434
8.22599983	3.29919434
8.22799969	3.29919434
8.22900009	3.29919434
8.23099995	3.29919434
8.23200035	3.29919434
8.23400021	3.29919434
8.23499966	3.29919434
8.23700047	3.29919434
8.23799992	3.29919434
8.23999977	3.29919434
8.24100018	3.29919434
8.24300003	3.29919434
8.24400043	3.29919434
8.24600029	3.29919434
8.24699974	3.29919434
8.24899960	3.29919434
8.25100040	3.29919434
8.25199986	3.29919434
8.25399971	3.29919434
8.25500011	3.29919434
8.25699997	3.29919434
8.25800037	3.29919434
8.26000023	3.29919434
8.26099968	3.29919434
8.26299953	3.29919434
8.26399994	3.29919434
8.26599979	3.29919434
8.26700020	3.29919434
8.26900005	3.29919434
8.27000046	3.29919434
8.27200031	3.29919434
8.27400017	3.29919434
8.27499962	3.29919434
8.27700043	3.29919434
8.27799988	3.29919434
8.27999973	3.29919434
8.28100014	3.29919434
8.28299999	3.29919434
8.28400040	3.29919434
8.28600025	3.29919434
8.28699970	3.29919434
8.28899956	3.29919434
8.28999996	3.29919434
8.29199982	3.29919434
8.29300022	3.29919434
8.29500008	3.29919434
8.29699993	3.29919434
8.29800034	3.29919434
8.30000019	3.29919434
8.30099964	3.29919434
8.30300045	3.29919434
8.30399990	3.29919434
8.30599976	3.29919434
8.30700016	3.29919434
8.30900002	3.29919434
8.31000042	3.29919434
8.31200027	3.29919434
8.31299973	3.29919434
8.31499958	3.29919434
8.31599998	3.29919434
8.31799984	3.29919434
8.31900024	3.29919434
8.32100010	3.29919434
8.32299995	3.29919434
8.32400036	3.29919434
8.32600021	3.29919434
8.32699966	3.29919434
8.32900047	3.29919434
8.32999992	3.29919434
8.33199978	3.29919434
8.33300018	3.29919434
8.33500004	3.29919434
8.33600044	3.29919434
8.33800030	3.29919434
8.33899975	3.29919434
8.34099960	3.29919434
8.34200001	3.29919434
8.34399986	3.29919434
8.34599972	3.29919434
8.34700012	3.29919434
8.34899998	3.29919434
8.35000038	3.29919434
8.35200024	3.29919434
8.35299969	3.29919434
8.35499954	3.29919434
8.35599995	3.29919434
8.35799980	3.29919434
8.35900021	3.29919434
8.36100006	3.29919434
8.36200047	3.29919434
8.36400032	3.29919434
8.36499977	3.29919434
8.36699963	3.29919434
8.36900043	3.29919434
8.36999989	3.29919434
8.37199974	3.29919434
8.37300014	3.29919434
8.37500000	3.29919434
8.37600040	3.29919434
8.37800026	3.29919434
8.37899971	3.29919434
8.38099957	3.29919434
8.38199997	3.29919434
8.38399982	3.29919434
8.38500023	3.29919434
8.38700008	3.29919434
8.38799953	3.29919434
8.39000034	3.29919434
8.39200020	3.29919434
8.39299965	3.29919434
8.39500046	3.29919434
8.39599991	3.29919434
8.39799976	3.29919434
8.39900017	3.29919434
8.40100002	3.29919434
8.40200043	3.29919434
8.40400028	3.29919434
8.40499973	3.29919434
8.40699959	3.29919434
8.40799999	3.29919434
8.40999985	3.29919434
8.41100025	3.29919434
8.41300011	3.29919434
8.41399956	3.29919434
8.41600037	3.29919434
8.41800022	3.29919434
8.41899967	3.29919434
8.42099953	3.29919434
8.42199993	3.29919434
8.42399979	3.29919434
8.42500019	3.29919434
8.42700005	3.29919434
8.42800045	3.29919434
8.43000031	3.29919434
8.43099976	3.29919434
8.43299961	3.29919434
8.43400002	3.29919434
8.43599987	3.29919434
8.43700027	3.29919434
8.43900013	3.29919434
8.44099998	3.29919434
8.44200039	3.29919434
8.44400024	3.29919434
8.44499969	3.29919434
8.44699955	3.29919434
8.44799995	3.29919434
8.44999981	3.29919434
8.45100021	3.29919434
8.45300007	3.29919434
8.45400047	3.29919434
8.45600033	3.29919434
8.45699978	3.29919434
8.45899963	3.29919434
8.46000004	3.29919434
8.46199989	3.29919434
8.46399975	3.29919434
8.46500015	3.29919434
8.46700001	3.29919434
8.46800041	3.29919434
8.47000027	3.29919434
8.47099972	3.29919434
8.47299957	3.29919434
8.47399998	3.29919434
8.47599983	3.29919434
8.47700024	3.29919434
8.47900009	3.29919434
8.47999954	3.29919434
8.48200035	3.29919434
8.48299980	3.29919434
8.48499966	3.29919434
8.48600006	3.29919434
8.48799992	3.29919434
8.48999977	3.29919434
8.49100018	3.29919434
8.49300003	3.29919434
8.49400043	3.29919434
8.49600029	3.29919434
8.49699974	3.29919434
8.49899960	3.29919434
8.50000000	3.29919434
8.50199986	3.29919434
8.50300026	3.29919434
8.50500011	3.29919434
8.50599957	3.29919434
8.50800037	3.29919434
8.50899982	3.29919434
8.51099968	3.29919434
8.51200008	3.29919434
8.51399994	3.29919434
8.51599979	3.29919434
8.51700020	3.29919434
8.51900005	3.29919434
8.52000046	3.29919434
8.52200031	3.29919434
8.52299976	3.29919434
8.52499962	3.29919434
8.52600002	3.29919434
8.52799988	3.29919434
8.52900028	3.29919434
8.53100014	3.29919434
8.53199959	3.29919434
8.53400040	3.29919434
8.53499985	3.29919434
8.53699970	3.29919434
8.53899956	3.29919434
8.53999996	3.29919434
8.54199982	3.29919434
8.54300022	3.29919434
8.54500008	3.29919434
8.54599953	3.29919434
8.54800034	3.29919434
8.54899979	3.29919434
8.55099964	3.29919434
8.55200005	3.29919434
8.55399990	3.29919434
8.55500031	3.29919434
8.55700016	3.29919434
8.55799961	3.29919434
8.56000042	3.29919434
8.56200027	3.29919434
8.56299973	3.29919434
8.56499958	3.29919434
8.56599998	3.29919434
8.56799984	3.29919434
8.56900024	3.29919434
8.57100010	3.29919434
8.57199955	3.29919434
8.57400036	3.29919434
8.57499981	3.29919434
8.57699966	3.29919434
8.57800007	3.29919434
8.57999992	3.29919434
8.58100033	3.29919434
8.58300018	3.29919434
8.58500004	3.29919434
8.58600044	3.29919434
8.58800030	3.29919434
8.58899975	3.29919434
8.59099960	3.29919434
8.59200001	3.29919434
8.59399986	3.29919434
8.59500027	3.29919434
8.59700012	3.29919434
8.59799957	3.29919434
8.60000038	3.29919434
8.60099983	3.29919434
8.60299969	3.29919434
8.60400009	3.29919434
8.60599995	3.29919434
8.60700035	3.29919434
8.60900021	3.29919434
8.61100006	3.29919434
8.61200047	3.29919434
8.61400032	3.29919434
8.61499977	3.29919434
8.61699963	3.29919434
8.61800003	3.29919434
8.61999989	3.29919434
8.62100029	3.29919434
8.62300014	3.29919434
8.62399960	3.29919434
8.62600040	3.29919434
8.62699986	3.29919434
8.62899971	3.29919434
8.63000011	3.29919434
8.63199997	3.29919434
8.63399982	3.29919434
8.63500023	3.29919434
8.63700008	3.29919434
8.63799953	3.29919434
8.64000034	3.29919434
8.64099979	3.29919434
8.64299965	3.29919434
8.64400005	3.29919434
8.64599991	3.29919434
8.64700031	3.29919434
8.64900017	3.29919434
8.64999962	3.29919434
8.65200043	3.29919434
8.65299988	3.29919434
8.65499973	3.29919434
8.65699959	3.29919434
8.65799999	3.29919434
8.65999985	3.29919434
8.66100025	3.29919434
8.66300011	3.29919434
8.66399956	3.29919434
8.66600037	3.29919434
8.66699982	3.29919434
8.66899967	3.29919434
8.67000008	3.29919434
8.67199993	3.29919434
8.67300034	3.29919434
8.67500019	3.29919434
8.67599964	3.29919434
8.67800045	3.29919434
8.68000031	3.29919434
8.68099976	3.29919434
8.68299961	3.29919434
8.68400002	3.29919434
8.68599987	3.29919434
8.68700027	3.29919434
8.68900013	3.29919434
8.68999958	3.29919434
8.69200039	3.29919434
8.69299984	3.29919434
8.69499969	3.29919434
8.69600010	3.29919434
8.69799995	3.29919434
8.69900036	3.29919434
8.70100021	3.29919434
8.70300007	3.29919434
8.70400047	3.29919434
8.70600033	3.29919434
8.70699978	3.29919434
8.70899963	3.29919434
8.71000004	3.29919434
8.71199989	3.29919434
8.71300030	3.29919434
8.71500015	3.29919434
8.71599960	3.29919434
8.71800041	3.29919434
8.71899986	3.29919434
8.72099972	3.29919434
8.72200012	3.29919434
8.72399998	3.29919434
8.72599983	3.29919434
8.72700024	3.29919434
8.72900009	3.29919434
8.72999954	3.29919434
8.73200035	3.29919434
8.73299980	3.29919434
8.73499966	3.29919434
8.73600006	3.29919434
8.73799992	3.29919434
8.73900032	3.29919434
8.74100018	3.29919434
8.74199963	3.29919434
8.74400043	3.29919434
8.74499989	3.29919434
8.74699974	3.29919434
8.74899960	3.29919434
8.75000000	3.29919434
8.75199986	3.29919434
8.75300026	3.29919434
8.75500011	3.29919434
8.75599957	3.29919434
8.75800037	3.29919434
8.75899982	3.29919434
8.76099968	3.29919434
8.76200008	3.29919434
8.76399994	3.29919434
8.76500034	3.29919434
8.76700020	3.29919434
8.76799965	3.29919434
8.77000046	3.29919434
8.77099991	3.29919434
8.77299976	3.29919434
8.77499962	3.29919434
8.77600002	3.29919434
8.77799988	3.29919434
8.77900028	3.29919434
8.78100014	3.29919434
8.78199959	3.29919434
8.78400040	3.29919434
8.78499985	3.29919434
8.78699970	3.29919434
8.78800011	3.29919434
8.78999996	3.29919434
8.79100037	3.29919434
8.79300022	3.29919434
8.79399967	3.29919434
8.79599953	3.29919434
8.79800034	3.29919434
8.79899979	3.29919434
8.80099964	3.29919434
8.80200005	3.29919434
8.80399990	3.29919434
8.80500031	3.29919434
8.80700016	3.29919434
8.80799961	3.29919434
8.81000042	3.29919434
8.81099987	3.29919434
8.81299973	3.29919434
8.81400013	3.29919434
8.81599998	3.29919434
8.81700039	3.29919434
8.81900024	3.29919434
8.82100010	3.29919434
8.82199955	3.29919434
8.82400036	3.29919434
8.82499981	3.29919434
8.82699966	3.29919434
8.82800007	3.29919434
8.82999992	3.29919434
8.83100033	3.29919434
8.83300018	3.29919434
8.83399963	3.29919434
8.83600044	3.29919434
8.83699989	3.29919434
8.83899975	3.29919434
8.84000015	3.29919434
8.84200001	3.29919434
8.84399986	3.29919434
8.84500027	3.29919434
8.84700012	3.29919434
8.84799957	3.29919434
8.85000038	3.29919434
8.85099983	3.29919434
8.85299969	3.29919434
8.85400009	3.29919434
8.85599995	3.29919434
8.85700035	3.29919434
8.85900021	3.29919434
8.85999966	3.29919434
8.86200047	3.29919434
8.86299992	3.29919434
8.86499977	3.29919434
8.86699963	3.29919434
8.86800003	3.29919434
8.86999989	3.29919434
8.87100029	3.29919434
8.87300014	3.29919434
8.87399960	3.29919434
8.87600040	3.29919434
8.87699986	3.29919434
8.87899971	3.29919434
8.88000011	3.29919434
8.88199997	3.29919434
8.88300037	3.29919434
8.88500023	3.29919434
8.88599968	3.29919434
8.88799953	3.29919434
8.89000034	3.29919434
8.89099979	3.29919434
8.89299965	3.29919434
8.89400005	3.29919434
8.89599991	3.29919434
8.89700031	3.29919434
8.89900017	3.29919434
8.89999962	3.29919434
8.90200043	3.29919434
8.90299988	3.29919434
8.90499973	3.29919434
8.90600014	3.29919434
8.90799999	3.29919434
8.90900040	3.29919434
8.91100025	3.29919434
8.91199970	3.29919434
8.91399956	3.29919434
8.91600037	3.29919434
8.91699982	3.29919434
8.91899967	3.29919434
8.92000008	3.29919434
8.92199993	3.29919434
8.92300034	3.29919434
8.92500019	3.29919434
8.92599964	3.29919434
8.92800045	3.29919434
8.92899990	3.29919434
8.93099976	3.29919434
8.93200016	3.29919434
8.93400002	3.29919434
8.93500042	3.29919434
8.93700027	3.29919434
8.93900013	3.29919434
8.93999958	3.29919434
8.94200039	3.29919434
8.94299984	3.29919434
8.94499969	3.29919434
8.94600010	3.29919434
8.94799995	3.29919434
8.94900036	3.29919434
8.95100021	3.29919434
8.95199966	3.29919434
8.95400047	3.29919434
8.95499992	3.29919434
8.95699978	3.29919434
8.95899963	3.29919434
8.96000004	3.29919434
8.96199989	3.29919434
8.96300030	3.29919434
8.96500015	3.29919434
8.96599960	3.29919434
8.96800041	3.29919434
8.96899986	3.29919434
8.97099972	3.29919434
8.97200012	3.29919434
8.97399998	3.29919434
8.97500038	3.29919434
8.97700024	3.29919434
8.97799969	3.29919434
8.97999954	3.29919434
8.98200035	3.29919434
8.98299980	3.29919434
8.98499966	3.29919434
8.98600006	3.29919434
8.98799992	3.29919434
8.98900032	3.29919434
8.99100018	3.29919434
8.99199963	3.29919434
8.99400043	3.29919434
8.99499989	3.29919434
8.99699974	3.29919434
8.99800014	3.29919434
9.00000000	3.29919434
9.00100040	3.29919434
9.00300026	3.29919434
9.00399971	3.29919434
9.00599957	3.29919434
9.00800037	3.29919434
9.00899982	3.29919434
9.01099968	3.29919434
9.01200008	3.29919434
9.01399994	3.29919434
9.01500034	3.29919434
9.01700020	3.29919434
9.01799965	3.29919434
9.02000046	3.29919434
9.02099991	3.29919434
9.02299976	3.29919434
9.02400017	3.29919434
9.02600002	3.29919434
9.02700043	3.29919434
9.02900028	3.29919434
9.02999973	3.29919434
9.03199959	3.29919434
9.03400040	3.29919434
9.03499985	3.29919434
9.03699970	3.29919434
9.03800011	3.29919434
9.03999996	3.29919434
9.04100037	3.29919434
9.04300022	3.29919434
9.04399967	3.29919434
9.04599953	3.29919434
9.04699993	3.29919434
9.04899979	3.29919434
9.05000019	3.29919434
9.05200005	3.29919434
9.05300045	3.29919434
9.05500031	3.29919434
9.05599976	3.29919434
9.05799961	3.29919434
9.06000042	3.29919434
9.06099987	3.29919434
9.06299973	3.29919434
9.06400013	3.29919434
9.06599998	3.29919434
9.06700039	3.29919434
9.06900024	3.29919434
9.06999969	3.29919434
9.07199955	3.29919434
9.07299995	3.29919434
9.07499981	3.29919434
9.07600021	3.29919434
9.07800007	3.29919434
9.07900047	3.29919434
9.08100033	3.29919434
9.08199978	3.29919434
9.08399963	3.29919434
9.08600044	3.29919434
9.08699989	3.29919434
9.08899975	3.29919434
9.09000015	3.29919434
9.09200001	3.29919434
9.09300041	3.29919434
9.09500027	3.29919434
9.09599972	3.29919434
9.09799957	3.29919434
9.09899998	3.29919434
9.10099983	3.29919434
9.10200024	3.29919434
9.10400009	3.29919434
9.10499954	3.29919434
9.10700035	3.29919434
9.10799980	3.29919434
9.10999966	3.29919434
9.11200047	3.29919434
9.11299992	3.29919434
9.11499977	3.29919434
9.11600018	3.29919434
9.11800003	3.29919434
9.11900043	3.29919434
9.12100029	3.29919434
9.12199974	3.29919434
9.12399960	3.29919434
9.12500000	3.29919434
9.12699986	3.29919434
9.12800026	3.29919434
9.13000011	3.29919434
9.13099957	3.29919434
9.13300037	3.29919434
9.13399982	3.29919434
9.13599968	3.29919434
9.13799953	3.29919434
9.13899994	3.29919434
9.14099979	3.29919434
9.14200020	3.29919434
9.14400005	3.29919434
9.14500046	3.29919434
9.14700031	3.29919434
9.14799976	3.29919434
9.14999962	3.29919434
9.15100002	3.29919434
9.15299988	3.29919434
9.15400028	3.29919434
9.15600014	3.29919434
9.15699959	3.29919434
9.15900040	3.29919434
9.16100025	3.29919434
9.16199970	3.29919434
9.16399956	3.29919434
9.16499996	3.29919434
9.16699982	3.29919434
9.16800022	3.29919434
9.17000008	3.29919434
9.17099953	3.29919434
9.17300034	3.29919434
9.17399979	3.29919434
9.17599964	3.29919434
9.17700005	3.29919434
9.17899990	3.29919434
9.18000031	3.29919434
9.18200016	3.29919434
9.18400002	3.29919434
9.18500042	3.29919434
9.18700027	3.29919434
9.18799973	3.29919434
9.18999958	3.29919434
9.19099998	3.29919434
9.19299984	3.29919434
9.19400024	3.29919434
9.19600010	3.29919434
9.19699955	3.29919434
9.19900036	3.29919434
9.19999981	3.29919434
9.20199966	3.29919434
9.20300007	3.29919434
9.20499992	3.29919434
9.20699978	3.29919434
9.20800018	3.29919434
9.21000004	3.29919434
9.21100044	3.29919434
9.21300030	3.29919434
9.21399975	3.29919434
9.21599960	3.29919434
9.21700001	3.29919434
9.21899986	3.29919434
9.22000027	3.29919434
9.22200012	3.29919434
9.22299957	3.29919434
9.22500038	3.29919434
9.22599983	3.29919434
9.22799969	3.29919434
9.22999954	3.29919434
9.23099995	3.29919434
9.23299980	3.29919434
9.23400021	3.29919434
9.23600006	3.29919434
9.23700047	3.29919434
9.23900032	3.29919434
9.23999977	3.29919434
9.24199963	3.29919434
9.24300003	3.29919434
9.24499989	3.29919434
9.24600029	3.29919434
9.24800014	3.29919434
9.24899960	3.29919434
9.25100040	3.29919434
9.25300026	3.29919434
9.25399971	3.29919434
9.25599957	3.29919434
9.25699997	3.29919434
9.25899982	3.29919434
9.26000023	3.29919434
9.26200008	3.29919434
9.26299953	3.29919434
9.26500034	3.29919434
9.26599979	3.29919434
9.26799965	3.29919434
9.26900005	3.29919434
9.27099991	3.29919434
9.27200031	3.29919434
9.27400017	3.29919434
9.27600002	3.29919434
9.27700043	3.29919434
9.27900028	3.29919434
9.27999973	3.29919434
9.28199959	3.29919434
9.28299999	3.29919434
9.28499985	3.29919434
9.28600025	3.29919434
9.28800011	3.29919434
9.28899956	3.29919434
9.29100037	3.29919434
9.29199982	3.29919434
9.29399967	3.29919434
9.29500008	3.29919434
9.29699993	3.29919434
9.29899979	3.29919434
9.30000019	3.29919434
9.30200005	3.29919434
9.30300045	3.29919434
9.30500031	3.29919434
9.30599976	3.29919434
9.30799961	3.29919434
9.30900002	3.29919434
9.31099987	3.29919434
9.31200027	3.29919434
9.31400013	3.29919434
9.31499958	3.29919434
9.31700039	3.29919434
9.31799984	3.29919434
9.31999969	3.29919434
9.32100010	3.29919434
9.32299995	3.29919434
9.32499981	3.29919434
9.32600021	3.29919434
9.32800007	3.29919434
9.32900047	3.29919434
9.33100033	3.29919434
9.33199978	3.29919434
9.33399963	3.29919434
9.33500004	3.29919434
9.33699989	3.29919434
9.33800030	3.29919434
9.34000015	3.29919434
9.34099960	3.29919434
9.34300041	3.29919434
9.34399986	3.29919434
9.34599972	3.29919434
9.34799957	3.29919434
9.34899998	3.29919434
9.35099983	3.29919434
9.35200024	3.29919434
9.35400009	3.29919434
9.35499954	3.29919434
9.35700035	3.29919434
9.35799980	3.29919434
9.35999966	3.29919434
9.36100006	3.29919434
9.36299992	3.29919434
9.36400032	3.29919434
9.36600018	3.29919434
9.36699963	3.29919434
9.36900043	3.29919434
9.37100029	3.29919434
9.37199974	3.29919434
9.37399960	3.29919434
9.37500000	3.29919434
9.37699986	3.29919434
9.37800026	3.29919434
9.38000011	3.29919434
9.38099957	3.29919434
9.38300037	3.29919434
9.38399982	3.29919434
9.38599968	3.29919434
9.38700008	3.29919434
9.38899994	3.29919434
9.39000034	3.29919434
9.39200020	3.29919434
9.39400005	3.29919434
9.39500046	3.29919434
9.39700031	3.29919434
9.39799976	3.29919434
9.39999962	3.29919434
9.40100002	3.29919434
9.40299988	3.29919434
9.40400028	3.29919434
9.40600014	3.29919434
9.40699959	3.29919434
9.40900040	3.29919434
9.40999985	3.29919434
9.41199970	3.29919434
9.41300011	3.29919434
9.41499996	3.29919434
9.41600037	3.29919434
9.41800022	3.29919434
9.42000008	3.29919434
9.42099953	3.29919434
9.42300034	3.29919434
9.42399979	3.29919434
9.42599964	3.29919434
9.42700005	3.29919434
9.42899990	3.29919434
9.43000031	3.29919434
9.43200016	3.29919434
9.43299961	3.29919434
9.43500042	3.29919434
9.43599987	3.29919434
9.43799973	3.29919434
9.43900013	3.29919434
9.44099998	3.29919434
9.44299984	3.29919434
9.44400024	3.29919434
9.44600010	3.29919434
9.44699955	3.29919434
9.44900036	3.29919434
9.44999981	3.29919434
9.45199966	3.29919434
9.45300007	3.29919434
9.45499992	3.29919434
9.45600033	3.29919434
9.45800018	3.29919434
9.45899963	3.29919434
9.46100044	3.29919434
9.46199989	3.29919434
9.46399975	3.29919434
9.46599960	3.29919434
9.46700001	3.29919434
9.46899986	3.29919434
9.47000027	3.29919434
9.47200012	3.29919434
9.47299957	3.29919434
9.47500038	3.29919434
9.47599983	3.29919434
9.47799969	3.29919434
9.47900009	3.29919434
9.48099995	3.29919434
9.48200035	3.29919434
9.48400021	3.29919434
9.48499966	3.29919434
9.48700047	3.29919434
9.48900032	3.29919434
9.48999977	3.29919434
9.49199963	3.29919434
9.49300003	3.29919434
9.49499989	3.29919434
9.49600029	3.29919434
9.49800014	3.29919434
9.49899960	3.29919434
9.50100040	3.29919434
9.50199986	3.29919434
9.50399971	3.29919434
9.50500011	3.29919434
9.50699997	3.29919434
9.50800037	3.29919434
9.51000023	3.29919434
9.51099968	3.29919434
9.51299953	3.29919434
9.51500034	3.29919434
9.51599979	3.29919434
9.51799965	3.29919434
9.51900005	3.29919434
9.52099991	3.29919434
9.52200031	3.29919434
9.52400017	3.29919434
9.52499962	3.29919434
9.52700043	3.29919434
9.52799988	3.29919434
9.52999973	3.29919434
9.53100014	3.29919434
9.53299999	3.29919434
9.53499985	3.29919434
9.53600025	3.29919434
9.53800011	3.29919434
9.53899956	3.29919434
9.54100037	3.29919434
9.54199982	3.29919434
9.54399967	3.29919434
9.54500008	3.29919434
9.54699993	3.29919434
9.54800034	3.29919434
9.55000019	3.29919434
9.55099964	3.29919434
9.55300045	3.29919434
9.55399990	3.29919434
9.55599976	3.29919434
9.55799961	3.29919434
9.55900002	3.29919434
9.56099987	3.29919434
9.56200027	3.29919434
9.56400013	3.29919434
9.56499958	3.29919434
9.56700039	3.29919434
9.56799984	3.29919434
9.56999969	3.29919434
9.57100010	3.29919434
9.57299995	3.29919434
9.57400036	3.29919434
9.57600021	3.29919434
9.57699966	3.29919434
9.57900047	3.29919434
9.58100033	3.29919434
9.58199978	3.29919434
9.58399963	3.29919434
9.58500004	3.29919434
9.58699989	3.29919434
9.58800030	3.29919434
9.59000015	3.29919434
9.59099960	3.29919434
9.59300041	3.29919434
9.59399986	3.29919434
9.59599972	3.29919434
9.59700012	3.29919434
9.59899998	3.29919434
9.60000038	3.29919434
9.60200024	3.29919434
9.60400009	3.29919434
9.60499954	3.29919434
9.60700035	3.29919434
9.60799980	3.29919434
9.60999966	3.29919434
9.61100006	3.29919434
9.61299992	3.29919434
9.61400032	3.29919434
9.61600018	3.29919434
9.61699963	3.29919434
9.61900043	3.29919434
9.61999989	3.29919434
9.62199974	3.29919434
9.62300014	3.29919434
9.62500000	3.29919434
9.62600040	3.29919434
9.62800026	3.29919434
9.63000011	3.29919434
9.63099957	3.29919434
9.63300037	3.29919434
9.63399982	3.29919434
9.63599968	3.29919434
9.63700008	3.29919434
9.63899994	3.29919434
9.64000034	3.29919434
9.64200020	3.29919434
9.64299965	3.29919434
9.64500046	3.29919434
9.64599991	3.29919434
9.64799976	3.29919434
9.64900017	3.29919434
9.65100002	3.29919434
9.65299988	3.29919434
9.65400028	3.29919434
9.65600014	3.29919434
9.65699959	3.29919434
9.65900040	3.29919434
9.65999985	3.29919434
9.66199970	3.29919434
9.66300011	3.29919434
9.66499996	3.29919434
9.66600037	3.29919434
9.66800022	3.29919434
9.66899967	3.29919434
9.67099953	3.29919434
9.67199993	3.29919434
9.67399979	3.29919434
9.67599964	3.29919434
9.67700005	3.29919434
9.67899990	3.29919434
9.68000031	3.29919434
9.68200016	3.29919434
9.68299961	3.29919434
9.68500042	3.29919434
9.68599987	3.29919434
9.68799973	3.29919434
9.68900013	3.29919434
9.69099998	3.29919434
9.69200039	3.29919434
9.69400024	3.29919434
9.69499969	3.29919434
9.69699955	3.29919434
9.69900036	3.29919434
9.69999981	3.29919434
9.70199966	3.29919434
9.70300007	3.29919434
9.70499992	3.29919434
9.70600033	3.29919434
9.70800018	3.29919434
9.70899963	3.29919434
9.71100044	3.29919434
9.71199989	3.29919434
9.71399975	3.29919434
9.71500015	3.29919434
9.71700001	3.29919434
9.71800041	3.29919434
9.72000027	3.29919434
9.72200012	3.29919434
9.72299957	3.29919434
9.72500038	3.29919434
9.72599983	3.29919434
9.72799969	3.29919434
9.72900009	3.29919434
9.73099995	3.29919434
9.73200035	3.29919434
9.73400021	3.29919434
9.73499966	3.29919434
9.73700047	3.29919434
9.73799992	3.29919434
9.73999977	3.29919434
9.74100018	3.29919434
9.74300003	3.29919434
9.74499989	3.29919434
