Time	Value
4.92700005	3.29919434
4.92700005	3.29919434
4.927034
4.92700005	3.29919434
4.92700005	3.29919434
4.92700005	3.29919434
4.92700005	3.29919434
4.92700005	3.29919434
4.92700005	3.29919434
4.92700005	3.29919434
4.92799997	3.29919434
4.92799997	3.29919434
4.92799997	3.29919434
4.92799997	3.29919434
4.92799997	3.29919434
4.92799997	3.29919434
4.920005	3.29919434
4.92700005	3.29919434
4.92700005	3.29919434
4.92700005	3.29919434
4.92700005	3.29919434
4.92700005	3.299194Time	Value
4.96700001	3.29919434
4.96700001	3.29919434
4.96700001	3.29919434
4.96700001	3.29919434
4.96700001	3.29919434
4.96700001	3.29919434
4.96700001	3.29919434
4.96700001	3.29919434
4.96700001	3.29919434
4.96700001	3.29919434
4.96700001	3.29919434
4.96700001	3.29919434
4.96700001	3.29919434
4.96700001	3.29919434
4.96700001	3.29919434
4.96700001	3.29919434
4.96700001	3.29919434
4.96700001	3.29919434
4.96700001	3.29919434
4.96700001	3.29919434
4.96700001	3.29919434
4.96Time	Value
5.00600004	3.29919434
5.00600004	3.29919434
5.00600004	3.29919434
5.00600004	3.29919434
5.00600004	3.29919434
5.00600004	3.29919434
5.00600004	3.29919434
5.00600004	3.29919434
5.00600004	3.29919434
5.00600004	3.29919434
5.00600004	3.29919434
5.00600004	3.29919434
5.00600004	3.29919434
5.00600004	3.29919434
5.00600004	3.29919434
5.00699997	3.29919434
5.00699997	3.29919434
5.00699997	3.29919434
5.00699997	3.29919434
5.00699997	3.29919434
5.00699997	3.29919434
5.00Time	Value
5.04600000	3.29919434
5.04600000	3.29919434
5.04600000	3.29919434
5.04600000	3.29919434
5.04600000	3.29919434
5.04600000	3.29919434
5.04600000	3.29919434
5.04600000	3.29919434
5.04600000	3.29919434
5.04600000	3.29919434
5.04600000	3.29919434
5.04600000	3.29919434
5.04600000	3.29919434
5.04600000	3.29919434
5.04600000	3.29919434
5.04600000	3.29919434
5.04600000	3.29919434
5.04600000	3.29919434
5.04600000	3.29919434
5.04600000	3.29919434
5.04600000	3.29919434
5.04Time	Value
5.08500004	3.29919434
5.08500004	3.29919434
5.08500004	3.29919434
5.08500004	3.29919434
5.08500004	3.29919434
5.08500004	3.29919434
5.08500004	3.29919434
5.08500004	3.29919434
5.08500004	3.29919434
5.08500004	3.29919434
5.08500004	3.29919434
5.08500004	3.29919434
5.08500004	3.29919434
5.08500004	3.29919434
5.08599997	3.29919434
5.08599997	3.29919434
5.08599997	3.29919434
5.08599997	3.29919434
5.08599997	3.29919434
5.08599997	3.29919434
5.08599997	3.29919434
5.08Time	Value
5.12500000	3.29919434
5.12500000	3.29919434
5.12500000	3.29919434
5.12500000	3.29919434
5.12500000	3.29919434
5.12500000	3.29919434
5.12500000	3.29919434
5.12500000	3.29919434
5.12500000	3.29919434
5.12500000	3.29919434
5.12500000	3.29919434
5.12500000	3.29919434
5.12500000	3.29919434
5.12500000	3.29919434
5.12500000	3.29919434
5.12500000	3.29919434
5.12500000	3.29919434
5.12500000	3.29919434
5.12500000	3.29919434
5.12500000	3.29919434
5.12500000	3.29919434
5.12Time	Value
5.16300011	3.29919434
5.16300011	3.29919434
5.16300011	3.29919434
5.16300011	3.29919434
5.16300011	3.29919434
5.16400003	3.29919434
5.16400003	3.29919434
5.16400003	3.29919434
5.16400003	3.29919434
5.16400003	3.29919434
5.16400003	3.29919434
5.16400003	3.29919434
5.16400003	3.29919434
5.16400003	3.29919434
5.16400003	3.29919434
5.16400003	3.29919434
5.16400003	3.29919434
5.16400003	3.29919434
5.16400003	3.29919434
5.16400003	3.29919434
5.16400003	3.29919434
5.16Time	Value
5.20300007	3.29919434
5.20300007	3.29919434
5.20300007	3.29919434
5.20300007	3.29919434
5.20300007	3.29919434
5.20300007	3.29919434
5.20300007	3.29919434
5.20300007	3.29919434
5.20300007	3.29919434
5.20300007	3.29919434
5.20300007	3.29919434
5.20300007	3.29919434
5.20300007	3.29919434
5.20300007	3.29919434
5.20300007	3.29919434
5.20300007	3.29919434
5.20400000	3.29919434
5.20400000	3.29919434
5.20400000	3.29919434
5.20400000	3.29919434
5.20400000	3.29919434
5.20Time	Value
5.24200010	3.29919434
5.24300003	3.29919434
5.24300003	3.29919434
5.24300003	3.29919434
5.24300003	3.29919434
5.24300003	3.29919434
5.24300003	3.29919434
5.24300003	3.29919434
5.24300003	3.29919434
5.24300003	3.29919434
5.24300003	3.29919434
5.24300003	3.29919434
5.24300003	3.29919434
5.24300003	3.29919434
5.24300003	3.29919434
5.24300003	3.29919434
5.24300003	3.29919434
5.24300003	3.29919434
5.24300003	3.29919434
5.24300003	3.29919434
5.24300003	3.29919434
5.24Time	Value
5.28200006	3.29919434
5.28200006	3.29919434
5.28200006	3.29919434
5.28200006	3.29919434
5.28200006	3.29919434
5.28200006	3.29919434
5.28200006	3.29919434
5.28200006	3.29919434
5.28200006	3.29919434
5.28200006	3.29919434
5.28200006	3.29919434
5.28200006	3.29919434
5.28200006	3.29919434
5.28299999	3.29919434
5.28299999	3.29919434
5.28299999	3.29919434
5.28299999	3.29919434
5.28299999	3.29919434
5.28299999	3.29919434
5.28299999	3.29919434
5.28299999	3.29919434
5.28Time	Value
5.32200003	3.29919434
5.32200003	3.29919434
5.32200003	3.29919434
5.32200003	3.29919434
5.32200003	3.29919434
5.32200003	3.29919434
5.32200003	3.29919434
5.32200003	3.29919434
5.32200003	3.29919434
5.32200003	3.29919434
5.32200003	3.29919434
5.32200003	3.29919434
5.32200003	3.29919434
5.32200003	3.29919434
5.32200003	3.29919434
5.32200003	3.29919434
5.32200003	3.29919434
5.32200003	3.29919434
5.32200003	3.29919434
5.32200003	3.29919434
5.32200003	3.29919434
5.32Time	Value
5.36100006	3.29919434
5.36100006	3.29919434
5.36100006	3.29919434
5.36100006	3.29919434
5.36100006	3.29919434
5.36100006	3.29919434
5.36100006	3.29919434
5.36199999	3.29919434
5.36199999	3.29919434
5.36199999	3.29919434
5.36199999	3.29919434
5.36199999	3.29919434
5.36199999	3.29919434
5.36199999	3.29919434
5.36199999	3.29919434
5.36199999	3.29919434
5.36199999	3.29919434
5.36199999	3.29919434
5.36199999	3.29919434
5.36199999	3.29919434
5.36199999	3.29919434
5.36Time	Value
5.40100002	3.29919434
5.40100002	3.29919434
5.40100002	3.29919434
5.40100002	3.29919434
5.40100002	3.29919434
5.40100002	3.29919434
5.40100002	3.29919434
5.40100002	3.29919434
5.40100002	3.29919434
5.40100002	3.29919434
5.40100002	3.29919434
5.40100002	3.29919434
5.40100002	3.29919434
5.40100002	3.29919434
5.40100002	3.29919434
5.40100002	3.29919434
5.40199995	3.29919434
5.40199995	3.29919434
5.40199995	3.29919434
5.40199995	3.29919434
5.40199995	3.29919434
5.40Time	Value
5.44099998	3.29919434
5.44099998	3.29919434
5.44099998	3.29919434
5.44099998	3.29919434
5.44099998	3.29919434
5.44099998	3.29919434
5.44099998	3.29919434
5.44099998	3.29919434
5.44099998	3.29919434
5.44099998	3.29919434
5.44099998	3.29919434
5.44099998	3.29919434
5.44099998	3.29919434
5.44099998	3.29919434
5.44099998	3.29919434
5.44099998	3.29919434
5.44099998	3.29919434
5.44099998	3.29919434
5.44099998	3.29919434
5.44099998	3.29919434
5.44099998	3.29919434
5.44Time	Value
5.48000002	3.29919434
5.48000002	3.29919434
5.48099995	3.29919434
5.48099995	3.29919434
5.48099995	3.29919434
5.48099995	3.29919434
5.48099995	3.29919434
5.48099995	3.29919434
5.48099995	3.29919434
5.48099995	3.29919434
5.48099995	3.29919434
5.48099995	3.29919434
5.48099995	3.29919434
5.48099995	3.29919434
5.48099995	3.29919434
5.48099995	3.29919434
5.48099995	3.29919434
5.48099995	3.29919434
5.48099995	3.29919434
5.48099995	3.29919434
5.48099995	3.29919434
5.48Time	Value
5.51999998	3.29919434
5.51999998	3.29919434
5.51999998	3.29919434
5.51999998	3.29919434
5.51999998	3.29919434
5.51999998	3.29919434
5.51999998	3.29919434
5.51999998	3.29919434
5.51999998	3.29919434
5.51999998	3.29919434
5.51999998	3.29919434
5.51999998	3.29919434
5.51999998	3.29919434
5.52099991	3.29919434
5.52099991	3.29919434
5.52099991	3.29919434
5.52099991	3.29919434
5.52099991	3.29919434
5.52099991	3.29919434
5.52099991	3.29919434
5.52099991	3.29919434
5.52Time	Value
5.55999994	3.29919434
5.55999994	3.29919434
5.55999994	3.29919434
5.55999994	3.29919434
5.55999994	3.29919434
5.55999994	3.29919434
5.55999994	3.29919434
5.55999994	3.29919434
5.55999994	3.29919434
5.55999994	3.29919434
5.55999994	3.29919434
5.55999994	3.29919434
5.55999994	3.29919434
5.55999994	3.29919434
5.55999994	3.29919434
5.55999994	3.29919434
5.55999994	3.29919434
5.55999994	3.29919434
5.55999994	3.29919434
5.56099987	3.29919434
5.56099987	3.29919434
5.56Time	Value
5.59999990	3.29919434
5.59999990	3.29919434
5.59999990	3.29919434
5.59999990	3.29919434
5.59999990	3.29919434
5.59999990	3.29919434
5.59999990	3.29919434
5.59999990	3.29919434
5.59999990	3.29919434
5.59999990	3.29919434
5.59999990	3.29919434
5.59999990	3.29919434
5.59999990	3.29919434
5.59999990	3.29919434
5.59999990	3.29919434
5.59999990	3.29919434
5.59999990	3.29919434
5.59999990	3.29919434
5.59999990	3.29919434
5.59999990	3.29919434
5.59999990	3.29919434
5.59Time	Value
5.63999987	3.29919434
5.63999987	3.29919434
5.63999987	3.29919434
5.63999987	3.29919434
5.63999987	3.29919434
5.63999987	3.29919434
5.63999987	3.29919434
5.63999987	3.29919434
5.63999987	3.29919434
5.63999987	3.29919434
5.63999987	3.29919434
5.63999987	3.29919434
5.63999987	3.29919434
5.63999987	3.29919434
5.63999987	3.29919434
5.63999987	3.29919434
5.63999987	3.29919434
5.63999987	3.29919434
5.63999987	3.29919434
5.63999987	3.29919434
5.63999987	3.29919434
5.63Time	Value
5.67899990	3.29919434
5.67899990	3.29919434
5.67899990	3.29919434
5.67899990	3.29919434
5.67999983	3.29919434
5.67999983	3.29919434
5.67999983	3.29919434
5.67999983	3.29919434
5.67999983	3.29919434
5.67999983	3.29919434
5.67999983	3.29919434
5.67999983	3.29919434
5.67999983	3.29919434
5.67999983	3.29919434
5.67999983	3.29919434
5.67999983	3.29919434
5.67999983	3.29919434
5.67999983	3.29919434
5.67999983	3.29919434
5.67999983	3.29919434
5.67999983	3.29919434
5.67Time	Value
5.71899986	3.29919434
5.71899986	3.29919434
5.71899986	3.29919434
5.71899986	3.29919434
5.71899986	3.29919434
5.71899986	3.29919434
5.71899986	3.29919434
5.71899986	3.29919434
5.71899986	3.29919434
5.71899986	3.29919434
5.71899986	3.29919434
5.71999979	3.29919434
5.71999979	3.29919434
5.71999979	3.29919434
5.71999979	3.29919434
5.71999979	3.29919434
5.71999979	3.29919434
5.71999979	3.29919434
5.71999979	3.29919434
5.71999979	3.29919434
5.71999979	3.29919434
5.71Time	Value
5.75899982	3.29919434
5.75899982	3.29919434
5.75899982	3.29919434
5.75899982	3.29919434
5.75899982	3.29919434
5.75899982	3.29919434
5.75899982	3.29919434
5.75899982	3.29919434
5.75899982	3.29919434
5.75899982	3.29919434
5.75899982	3.29919434
5.75899982	3.29919434
5.75899982	3.29919434
5.76000023	3.29919434
5.76000023	3.29919434
5.76000023	3.29919434
5.76000023	3.29919434
5.76000023	3.29919434
5.76000023	3.29919434
5.76000023	3.29919434
5.76000023	3.29919434
5.76Time	Value
5.79899979	3.29919434
5.79899979	3.29919434
5.79899979	3.29919434
5.79899979	3.29919434
5.79899979	3.29919434
59919434
5.79899979	3.29919434
5.79899979	3.29919434
5.79899979	3.29919434
5.79899979	3.29919434
5.79899979	3.29919434
5.79899979	3.29919434
5.79899979	3.29919434
5.79899979	3.29919434
5.79899979	3.29919434
5.79899979	3.29919434
5.79.79899979	3.29919434
5.79899979	3.29919434
5.79899979	3.29919434
5.79899979	3.29919434
5.79899979	3.29919434
5.79899979	3.2Time	Value
5.83799982	3.29919434
5.83900023	3.29919434
5.83900023	3.29919434
5.83900023	3.29919434
5.83900023	3.29919434
5.83900023	3.29919434
5.83900023	3.29919434
5.83900023	3.29919434
5.83900023	3.29919434
5.83900023	3.29919434
5.83900023	3.29919434
5.83900023	3.29919434
5.83900023	3.29919434
5.83900023	3.29919434
5.83900023	3.29919434
5.83900023	3.29919434
5.83900023	3.29919434
5.83900023	3.29919434
5.83900023	3.29919434
5.83900023	3.29919434
5.83900023	3.29919434
5.83Time	Value
5.87799978	3.29919434
5.87799978	3.29919434
5.87799978	3.29919434
5.87799978	3.29919434
5.87799978	3.29919434
5.87799978	3.29919434
5.87799978	3.29919434
5.87799978	3.29919434
5.87799978	3.29919434
5.87799978	3.29919434
5.87799978	3.2
5.87900019	3.29919434
5.87900019	3.29919434
5.879919434
5.87799978	3.29919434
5.87799978	3.29919434
5.87799978	3.29919434
5.87799978	3.29919434
5.87799978	3.29919434
5.87900019	3.29919434
5.87900019	3.29919434
5.87900019	3.29919434Time	Value
5.91800022	3.29919434
5.91800022	3.29919434
5.91800022	3.29919434
5.91800022	3.29919434
5.91800022	3.29919434
5.91800022	3.29919434
5.91800022	3.29919434
5.91800022	3.29919434
5.91800022	3.29919434
5.91800022	3.29919434
5.91800022	3.29919434
5.91800022	3.29919434
5.91800022	3.29919434
5.91800022	3.29919434
5.91800022	3.29919434
5.91800022	3.29919434
5.91800022	3.29919434
5.91800022	3.29919434
5.91800022	3.29919434
5.91800022	3.29919434
5.91800022	3.29919434
5.91Time	Value
5.95699978	3.29919434
5.95699978	3.29919434
5.95800018	3.29919434
5.95800018	3.29919434
5.95800018	3.29919434
5.95800018	3.29919434
5.95800018	3.29919434
5.95800018	3.29919434
5.95800018	3.29919434
5.95800018	3.29919434
5.95800018	3.29919434
5.95800018	3.29919434
5.95800018	3.29919434
5.95800018	3.29919434
5.95800018	3.29919434
5.95800018	3.29919434
5.95800018	3.29919434
5.95800018	3.29919434
5.95800018	3.29919434
5.95800018	3.29919434
5.95800018	3.29919434
5.95Time	Value
5.99700022	3.29919434
5.99700022	3.29919434
5.99700022	3.29919434
5.99700022	3.29919434
5.99700022	3.29919434
5.99700022	3.29919434
5.99700022	3.29919434
5.99700022	3.29919434
5.99700022	3.29919434
5.99700022	3.29919434
5.99700022	3.29919434
5.99700022	3.29919434
5.99700022	3.29919434
5.99800014	3.29919434
5.99800014	3.29919434
5.99800014	3.29919434
5.99800014	3.29919434
5.99800014	3.29919434
5.99800014	3.29919434
5.99800014	3.29919434
5.99800014	3.29919434
5.99Time	Value
6.03599977	3.29919434
6.03599977	3.29919434
6.03599977	3.29919434
6.03599977	3.29919434
6.03700018	3.29919434
6.03700018	3.29919434
6.03700018	3.29919434
6.03700018	3.29919434
6.03700018	3.29919434
6.03700018	3.29919434
6.03700018	3.29919434
6.03700018	3.29919434
6.03700018	3.29919434
6.03700018	3.29919434
6.03700018	3.29919434
6.03700018	3.29919434
6.03700018	3.29919434
6.03700018	3.29919434
6.03700018	3.29919434
6.03700018	3.29919434
6.03700018	3.29919434
6.03Time	Value
6.07600021	3.29919434
6.07600021	3.29919434
6.07600021	3.29919434
6.07600021	3.29919434
6.07600021	3.29919434
6.07600021	3.29919434
6.07600021	3.29919434
6.07600021	3.29919434
6.07600021	3.29919434
6.07600021	3.29919434
6.07600021	3.29919434
6.07600021	3.29919434
6.07600021	3.29919434
6.07600021	3.29919434
6.07600021	3.29919434
6.07600021	3.29919434
6.07600021	3.29919434
6.07600021	3.29919434
6.07600021	3.29919434
6.07600021	3.29919434
6.07700014	3.29919434
6.07Time	Value
6.11499977	3.29919434
6.11499977	3.29919434
6.11499977	3.29919434
6.11600018	3.29919434
6.11600018	3.29919434
6.11600018	3.29919434
6.11600018	3.29919434
6.11600018	3.29919434
6.11600018	3.29919434
6.11600018	3.29919434
6.11600018	3.29919434
6.11600018	3.29919434
6.11600018	3.29919434
6.11600018	3.29919434
6.11600018	3.29919434
6.11600018	3.29919434
6.11600018	3.29919434
6.11600018	3.29919434
6.11600018	3.29919434
6.11600018	3.29919434
6.11600018	3.29919434
6.11Time	Value
6.15500021	3.29919434
6.15500021	3.29919434
6.15500021	3.29919434
6.15500021	3.29919434
6.15500021	3.29919434
6.15500021	3.29919434
6.15500021	3.29919434
6.15500021	3.29919434
6.15500021	3.29919434
6.15500021	3.29919434
6.15500021	3.29919434
6.15500021	3.29919434
6.15500021	3.29919434
6.15500021	3.29919434
6.15500021	3.29919434
6.15500021	3.29919434
6.15500021	3.29919434
6.15600014	3.29919434
6.15600014	3.29919434
6.15600014	3.29919434
6.15600014	3.29919434
6.15Time	Value
6.19399977	3.29919434
6.19399977	3.29919434
6.19399977	3.29919434
6.19399977	3.29919434
6.19399977	3.29919434
6.19500017	3.29919434
6.19500017	3.29919434
6.19500017	3.29919434
6.19500017	3.29919434
6.19500017	3.29919434
6.19500017	3.29919434
6.19500017	3.29919434
6.19500017	3.29919434
6.19500017	3.29919434
6.19500017	3.29919434
6.19500017	3.29919434
6.19500017	3.29919434
6.19500017	3.29919434
6.19500017	3.29919434
6.19500017	3.29919434
6.19500017	3.29919434
6.19Time	Value
6.23400021	3.29919434
6.23400021	3.29919434
6.23400021	3.29919434
6.23400021	3.29919434
6.23400021	3.29919434
6.23400021	3.29919434
6.23400021	3.29919434
6.23400021	3.29919434
6.23400021	3.29919434
6.23400021	3.29919434
6.23400021	3.29919434
6.23400021	3.29919434
6.23400021	3.29919434
6.23400021	3.29919434
6.23400021	3.29919434
6.23500013	3.29919434
6.23500013	3.29919434
6.23500013	3.29919434
6.23500013	3.29919434
6.23500013	3.29919434
6.23500013	3.29919434
6.23Time	Value
6.27299976	3.29919434
6.27400017	3.29919434
6.2740.27400017	3.29919434
6.27400017	3.29919434
6.27400017	3.29919434
6.27400017	3.29919434
6.27400017	3.29919434
6.27400017	3.29919434
6.27400017	3.29919434
6.27400017	3.29919434
6.27400017	3.29919434
6.27400017	3.29919434
6.27400017	3.29919434
6.270017	3.29919434
6.27400017	3.29919434
6.27400017	3.29919434
6400017	3.29919434
6.27400017	3.29919434
6.27400017	3.29919434
6.27400017	3.29919434
6.27400017	3.29919434
6.27Time	Value
6.31300020	3.29919434
6.31300020	3.29919434
6.31300020	3.29919434
6.31300020	3.29919434
6.31300020	3.29919434
6.31300020	3.29919434
6.31300020	3.29919434
6.31300020	3.29919434
6.31300020	3.29919434
6.31300020	3.29919434
6.31300020	3.29919434
6.31300020	3.29919434
6.31300020	3.29919434
6.31300020	3.29919434
6.31300020	3.29919434
6.31300020	3.29919434
6.31400013	3.29919434
6.31400013	3.29919434
6.31400013	3.29919434
6.31400013	3.29919434
6.31400013	3.29919434
6.31Time	Value
6.35300016	3.29919434
6.35300016	3.29919434
6.35300016	3.29919434
6.35300016	3.29919434
6.35300016	3.29919434
6.35300016	3.29919434
6.35300016	3.29919434
6.35300016	3.29919434
6.35300016	3.29919434
6.35300016	3.29919434
6.35300016	3.29919434
6.35300016	3.29919434
6.35300016	3.29919434
6.35300016	3.29919434
6.35300016	3.29919434
6.35300016	3.29919434
6.35300016	3.29919434
6.35300016	3.29919434
6.35300016	3.29919434
6.35300016	3.29919434
6.35300016	3.29919434
6.35Time	Value
6.39200020	3.29919434
6.39200020	3.29919434
6.39200020	3.29919434
6.39200020	3.29919434
6.39200020	3.29919434
6.39200020	3.29919434
6.39200020	3.29919434
6.39200020	3.29919434
6.39200020	3.29919434
6.39200020	3.29919434
6.39300013	3.29919434
6.39300013	3.29919434
6.39300013	3.29919434
6.39300013	3.29919434
6.39300013	3.29919434
6.39300013	3.29919434
6.39300013	3.29919434
6.39300013	3.29919434
6.39300013	3.29919434
6.39300013	3.29919434
6.39300013	3.29919434
6.39Time	Value
6.43200016	3.29919434
6.43200016	3.29919434
6.43200016	3.29919434
6.43200016	3.29919434
6.43200016	3.29919434
6.43200016	3.29919434
6.43200016	3.29919434
6.43200016	3.29919434
6.43200016	3.29919434
6.43200016	3.29919434
6.43200016	3.29919434
6.43200016	3.29919434
6.43200016	3.29919434
6.43200016	3.29919434
6.43200016	3.29919434
6.43200016	3.29919434
6.43200016	3.29919434
6.43200016	3.29919434
6.43200016	3.29919434
6.43200016	3.29919434
6.43200016	3.29919434
6.43Time	Value
6.47100019	3.29919434
6.47100019	3.29919434
6.47100019	3.29919434
6.47100019	3.29919434
6.47100019	3.29919434
6.47100019	3.29919434
6.47200012	3.29919434
6.47200012	3.29919434
6.47200012	3.29919434
6.47200012	3.29919434
6.47200012	3.29919434
6.47200012	3.29919434
6.47200012	3.29919434
6.47200012	3.29919434
6.47200012	3.29919434
6.47200012	3.29919434
6.47200012	3.29919434
6.47200012	3.29919434
6.47200012	3.29919434
6.47200012	3.29919434
6.47200012	3.29919434
6.47Time	Value
6.51100016	3.29919434
6.51100016	3.29919434
6.51100016	3.29919434
6.51100016	3.29919434
6.51100016	3.29919434
6.51100016	3.29919434
6.51100016	3.29919434
6.51100016	3.29919434
6.51100016	3.29919434
6.51100016	3.29919434
6.51100016	3.29919434
6.51100016	3.29919434
6.51100016	3.29919434
6.51100016	3.29919434
6.51100016	3.29919434
6.51100016	3.29919434
6.51100016	3.29919434
6.51200008	3.29919434
6.51200008	3.29919434
6.51200008	3.29919434
6.51200008	3.29919434
6.51Time	Value
6.55000019	3.29919434
6.55000019	3.29919434
6.55100012	3.29919434
6.55100012	3.29919434
6.55100012	3.29919434
6.55100012	3.29919434
6.55100012	3.29919434
6.55100012	3.29919434
6.55100012	3.29919434
6.55100012	3.29919434
6.55100012	3.29919434
6.55100012	3.29919434
6.55100012	3.29919434
6.55100012	3.29919434
6.55100012	3.29919434
6.55100012	3.29919434
6.55100012	3.29919434
6.55100012	3.29919434
6.55100012	3.29919434
6.55100012	3.29919434
6.55100012	3.29919434
6.55Time	Value
6.59000015	3.29919434
6.59000015	3.29919434
6.59000015	3.29919434
6.59000015	3.29919434
6.59000015	3.29919434
6.59000015	3.29919434
6.59000015	3.29919434
6.59000015	3.29919434
6.59000015	3.29919434
6.59000015	3.29919434
6.59000015	3.29919434
6.59000015	3.29919434
6.59000015	3.29919434
6.59000015	3.29919434
6.59000015	3.29919434
6.59000015	3.29919434
6.59000015	3.29919434
6.59100008	3.29919434
6.59100008	3.29919434
6.59100008	3.29919434
6.59100008	3.29919434
6.59Time	Value
6.63000011	3.29919434
6.63000011	3.29919434
6.63000011	3.29919434
6.63000011	3.29919434
6.63000011	3.29919434
6.63000011	3.29919434
6.63000011	3.29919434
6.63000011	3.29919434
6.63000011	3.29919434
6.63000011	3.29919434
6.63000011	3.29919434
6.63000011	3.29919434
6.63000011	3.29919434
6.63000011	3.29919434
6.63000011	3.29919434
6.63000011	3.29919434
6.63000011	3.29919434
6.63000011	3.29919434
6.63000011	3.29919434
6.63000011	3.29919434
6.63000011	3.29919434
6.63Time	Value
6.66900015	3.29919434
6.66900015	3.29919434
6.66900015	3.29919434
6.66900015	3.29919434
6.66900015	3.29919434
6.66900015	3.29919434
6.66900015	3.29919434
6.66900015	3.29919434
6.66900015	3.29919434
6.66900015	3.29919434
6.66900015	3.29919434
6.66900015	3.29919434
6.66900015	3.29919434
6.67000008	3.29919434
6.67000008	3.29919434
6.67000008	3.29919434
6.67000008	3.29919434
6.67000008	3.29919434
6.67000008	3.29919434
6.67000008	3.29919434
6.67000008	3.29919434
6.67Time	Value
6.70900011	3.29919434
6.70900011	3.29919434
6.70900011	3.29919434
6.70900011	3.29919434
6.70900011	3.29919434
6.70900011	3.29919434
6.70900011	3.29919434
6.70900011	3.29919434
6.70900011	3.29919434
6.70900011	3.29919434
6.70900011	3.29919434
6.70900011	3.29919434
6.70900011	3.29919434
6.70900011	3.29919434
6.70900011	3.29919434
6.70900011	3.29919434
6.70900011	3.29919434
6.70900011	3.29919434
6.70900011	3.29919434
6.70900011	3.29919434
6.70900011	3.29919434
6.70Time	Value
6.74800014	3.29919434
6.74800014	3.29919434
6.74800014	3.29919434
6.74800014	3.29919434
6.74800014	3.29919434
6.74800014	3.29919434
6.74800014	3.29919434
6.74800014	3.29919434
6.74800014	3.29919434
6.74800014	3.29919434
6.74800014	3.29919434
6.74800014	3.29919434
6.74800014	3.29919434
6.74800014	3.29919434
6.74900007	3.29919434
6.74900007	3.29919434
6.74900007	3.29919434
6.74900007	3.29919434
6.74900007	3.29919434
6.74900007	3.29919434
6.74900007	3.29919434
6.74Time	Value
6.78700018	3.29919434
6.78700018	3.29919434
6.78700018	3.29919434
6.78700018	3.29919434
6.78800011	3.29919434
6.78800011	3.29919434
6.78800011	3.29919434
6.78800011	3.29919434
6.78800011	3.29919434
6.78800011	3.29919434
6.78800011	3.29919434
6.78800011	3.29919434
6.78800011	3.29919434
6.78800011	3.29919434
6.78800011	3.29919434
6.78800011	3.29919434
6.78800011	3.29919434
6.78800011	3.29919434
6.78800011	3.29919434
6.78800011	3.29919434
6.78800011	3.29919434
6.78Time	Value
6.82700014	3.29919434
6.82700014	3.29919434
6.82700014	3.29919434
6.82700014	3.29919434
6.82700014	3.29919434
6.82700014	3.29919434
6.82700014	3.29919434
6.82700014	3.29919434
6.82700014	3.29919434
6.82700014	3.29919434
6.82700014	3.29919434
6.82700014	3.29919434
6.82700014	3.29919434
6.82700014	3.29919434
6.82700014	3.29919434
6.82700014	3.29919434
6.82700014	3.29919434
6.82700014	3.29919434
6.82700014	3.29919434
6.82700014	3.29919434
6.82700014	3.29919434
6.82Time	Value
6.86600018	3.29919434
6.86700010	3.29919434
6.86700010	3.29919434
6.86700010	3.29919434
6.86700010	3.29919434
6.86700010	3.29919434
6.86700010	3.29919434
6.86700010	3.29919434
6.86700010	3.29919434
6.86700010	3.29919434
6.86700010	3.29919434
6.86700010	3.29919434
6.86700010	3.29919434
6.86700010	3.29919434
6.86700010	3.29919434
6.86700010	3.29919434
6.86700010	3.29919434
6.86700010	3.29919434
6.86700010	3.29919434
6.86700010	3.29919434
6.86700010	3.29919434
6.86Time	Value
6.90600014	3.29919434
6.90600014	3.29919434
6.90600014	3.29919434
6.90600014	3.29919434
6.90600014	3.29919434
6.90600014	3.29919434
6.90600014	3.29919434
6.90600014	3.29919434
6.90600014	3.29919434
6.90600014	3.29919434
6.90600014	3.29919434
6.90600014	3.29919434
6.90600014	3.29919434
6.90600014	3.29919434
6.90700006	3.29919434
6.90700006	3.29919434
6.90700006	3.29919434
6.90700006	3.29919434
6.90700006	3.29919434
6.90700006	3.29919434
6.90700006	3.29919434
6.90Time	Value
6.94500017	3.29919434
6.94500017	3.29919434
6.94600010	3.29919434
6.94600010	3.29919434
6.94600010	3.29919434
6.94600010	3.29919434
6.94600010	3.29919434
6.94600010	3.29919434
6.94600010	3.29919434
6.94600010	3.29919434
6.94600010	3.29919434
6.94600010	3.29919434
6.94600010	3.29919434
6.94600010	3.29919434
6.94600010	3.29919434
6.94600010	3.29919434
6.94600010	3.29919434
6.94600010	3.29919434
6.94600010	3.29919434
6.94600010	3.29919434
6.94600010	3.29919434
6.94Time	Value
6.98500013	3.29919434
6.98500013	3.29919434
6.98500013	3.29919434
6.98500013	3.29919434
6.98500013	3.29919434
6.98500013	3.29919434
6.98500013	3.29919434
6.98500013	3.29919434
6.98500013	3.29919434
6.98500013	3.29919434
6.98500013	3.29919434
6.98500013	3.29919434
6.98500013	3.29919434
6.98500013	3.29919434
6.98500013	3.29919434
6.98500013	3.29919434
6.98500013	3.29919434
6.98500013	3.29919434
6.98500013	3.29919434
6.98600006	3.29919434
6.98600006	3.29919434
6.98Time	Value
7.02500010	3.29919434
7.02500010	3.29919434
7.02500010	3.29919434
7.02500010	3.29919434
7.02500010	3.29919434
7.02500010	3.29919434
7.02500010	3.29919434
7.02500010	3.29919434
7.02500010	3.29919434
7.02500010	3.29919434
7.02500010	3.29919434
7.02500010	3.29919434
7.02500010	3.29919434
7.02500010	3.29919434
7.02500010	3.29919434
7.02500010	3.29919434
7.02500010	3.29919434
7.02500010	3.29919434
7.02500010	3.29919434
7.02500010	3.29919434
7.02500010	3.29919434
7.02Time	Value
7.06400013	3.29919434
7.06400013	3.29919434
7.06400013	3.29919434
7.06400013	3.29919434
7.06400013	3.29919434
7.06400013	3.29919434
7.06400013	3.29919434
7.06400013	3.29919434
7.06400013	3.29919434
7.06400013	3.29919434
7.06400013	3.29919434
7.06400013	3.29919434
7.06400013	3.29919434
7.06400013	3.29919434
7.06400013	3.29919434
7.06400013	3.29919434
7.06400013	3.29919434
7.06400013	3.29919434
7.06400013	3.29919434
7.06500006	3.29919434
7.06500006	3.29919434
7.06Time	Value
7.10300016	3.29919434
7.10300016	3.29919434
7.10300016	3.29919434
7.10300016	3.29919434
7.10300016	3.29919434
7.10300016	3.29919434
7.10300016	3.29919434
7.10400009	3.29919434
7.10400009	3.29919434
7.10400009	3.29919434
7.10400009	3.29919434
7.10400009	3.29919434
7.10400009	3.29919434
7.10400009	3.29919434
7.10400009	3.29919434
7.10400009	3.29919434
7.10400009	3.29919434
7.10400009	3.29919434
7.10400009	3.29919434
7.10400009	3.29919434
7.10400009	3.29919434
7.10Time	Value
7.14300013	3.29919434
7.14300013	3.29919434
7.14300013	3.29919434
7.14300013	3.29919434
7.14300013	3.29919434
7.14300013	3.29919434
7.14300013	3.29919434
7.14300013	3.29919434
7.14300013	3.29919434
7.14300013	3.29919434
7.14300013	3.29919434
7.14300013	3.29919434
7.14300013	3.29919434
7.14300013	3.29919434
7.14300013	3.29919434
7.14300013	3.29919434
7.14300013	3.29919434
7.14300013	3.29919434
7.14300013	3.29919434
7.14300013	3.29919434
7.14300013	3.29919434
7.14Time	Value
7.18200016	3.29919434
7.18200016	3.29919434
7.18200016	3.29919434
7.18200016	3.29919434
7.18200016	3.29919434
7.18200016	3.29919434
7.18200016	3.29919434
7.18200016	3.29919434
7.18300009	3.29919434
7.18300009	3.29919434
7.18300009	3.29919434
7.18300009	3.29919434
7.18300009	3.29919434
7.18300009	3.29919434
7.18300009	3.29919434
7.18300009	3.29919434
7.18300009	3.29919434
7.18300009	3.29919434
7.18300009	3.29919434
7.18300009	3.29919434
7.18300009	3.29919434
7.18Time	Value
7.22200012	3.29919434
7.22200012	3.29919434
7.22200012	3.29919434
7.22200012	3.29919434
7.22200012	3.29919434
7.22200012	3.29919434
7.22200012	3.29919434
7.22200012	3.29919434
7.22200012	3.29919434
7.22200012	3.29919434
7.22200012	3.29919434
7.22200012	3.29919434
7.22200012	3.29919434
7.22200012	3.29919434
7.22200012	3.29919434
7.22200012	3.29919434
7.22200012	3.29919434
7.22200012	3.29919434
7.22200012	3.29919434
7.22200012	3.29919434
7.22200012	3.29919434
7.22Time	Value
7.26100016	3.29919434
7.26100016	3.29919434
7.26100016	3.29919434
7.26200008	3.29919434
7.26200008	3.29919434
7.26200008	3.29919434
7.26200008	3.29919434
7.26200008	3.29919434
7.26200008	3.29919434
7.26200008	3.29919434
7.26200008	3.29919434
7.26200008	3.29919434
7.26200008	3.29919434
7.26200008	3.29919434
7.26200008	3.29919434
7.26200008	3.29919434
7.26200008	3.29919434
7.26200008	3.29919434
7.26200008	3.29919434
7.26200008	3.29919434
7.26200008	3.29919434
7.26Time	Value
7.30100012	3.29919434
7.30100012	3.29919434
7.30100012	3.29919434
7.30100012	3.29919434
7.30100012	3.29919434
7.30100012	3.29919434
7.30100012	3.29919434
7.30100012	3.29919434
7.30100012	3.29919434
7.30100012	3.29919434
7.30100012	3.29919434
7.30100012	3.29919434
7.30100012	3.29919434
7.30100012	3.29919434
7.30100012	3.29919434
7.30100012	3.29919434
7.30200005	3.29919434
7.30200005	3.29919434
7.30200005	3.29919434
7.30200005	3.29919434
7.30200005	3.29919434
7.30Time	Value
7.34000015	3.29919434
7.34000015	3.29919434
7.34000015	3.29919434
7.34000015	3.29919434
7.34000015	3.29919434
7.34100008	3.29919434
7.34100008	3.29919434
7.34100008	3.29919434
7.34100008	3.29919434
7.34100008	3.29919434
7.34100008	3.29919434
7.34100008	3.29919434
7.34100008	3.29919434
7.34100008	3.29919434
7.34100008	3.29919434
7.34100008	3.29919434
7.34100008	3.29919434
7.34100008	3.29919434
7.34100008	3.29919434
7.34100008	3.29919434
7.34100008	3.29919434
7.34Time	Value
7.38000011	3.29919434
7.38000011	3.29919434
7.38000011	3.29919434
7.38000011	3.29919434
7.38000011	3.29919434
7.38000011	3.29919434
7.38000011	3.29919434
7.38000011	3.29919434
7.38000011	3.29919434
7.38000011	3.29919434
7.38000011	3.29919434
7.38000011	3.29919434
7.38000011	3.29919434
7.38000011	3.29919434
7.38000011	3.29919434
7.38000011	3.29919434
7.38000011	3.29919434
7.38000011	3.29919434
7.38100004	3.29919434
7.38100004	3.29919434
7.38100004	3.29919434
7.38Time	Value
7.42000008	3.29919434
7.42000008	3.29919434
7.42000008	3.29919434
7.42000008	3.29919434
7.42000008	3.29919434
7.42000008	3.29919434
7.42000008	3.29919434
7.42000008	3.29919434
7.42000008	3.29919434
7.42000008	3.29919434
7.42000008	3.29919434
7.42000008	3.29919434
7.42000008	3.29919434
7.42000008	3.29919434
7.42000008	3.29919434
7.42000008	3.29919434
7.42000008	3.29919434
7.42000008	3.29919434
7.42000008	3.29919434
7.42000008	3.29919434
7.42000008	3.29919434
7.42Time	Value
7.45900011	3.29919434
7.45900011	3.29919434
7.4590900011	3.29919434
7.45900011	3.29919434
7.45900011	3.29919434
7.46000004	3.29919434
7.46000004	3.29919434
7.46Time	Value
7.49900007	3.29919434
7.49900007	3.29919434
7.49900007	3.29919434
7.49900007	3.29919434
7.49900007	3.29919434
7.49900007	3.29919434
7.49900007	3.29919434
7.49900007	3.29919434
7.49900007	3.29919434
7.49900007	3.29919434
7.49900007	3.29919434
7.49900007	3.29919434
7.49900007	3.29919434
7.49900007	3.29919434
7.49900007	3.29919434
7.49900007	3.29919434
7.49900007	3.29919434
7.49900007	3.29919434
7.49900007	3.299194340011	3.29919434
7.45900011	3.29919434
7.45900011	3.29919434
7.45900011	3.29919434
7.45900011	3.29919434
7.45900011	3.29919434
7.45900011	3.29919434
7.45900011	3.29919434
7.45900011	3.29919434
7.45900011	3.29919434
7.45900011	3.29919434
7.45900011	3.29919434
7.45900011	3.29919434
7.45900011	3.29919434
7.45
7.49900007	3.29919434
7.49900007	3.29919434
7.49Time	Value
7.53800011	3.29919434
7.53800011	3.29919434
7.53800011	3.29919434
7.53800011	3.29919434
7.53800011	3.29919434
7.53800011	3.29919434
7.53800011	3.29919434
7.53800011	3.29919434
7.53800011	3.29919434
7.53800011	3.29919434
7.53800011	3.29919434
7.53800011	3.29919434
7.53800011	3.29919434
7.53800011	3.29919434
7.53800011	3.29919434
7.53800011	3.29919434
7.53800011	3.29919434
7.53800011	3.29919434
7.53800011	3.29919434
7.53800011	3.29919434
7.53800011	3.29919434
7.53Time	Value
7.57700014	3.29919434
7.57700014	3.29919434
7.57700014	3.29919434
7.57700014	3.29919434
7.57700014	3.29919434
7.57700014	3.29919434
7.57700014	3.29919434
7.57700014	3.29919434
7.57700014	3.29919434
7.57700014	3.29919434
7.57700014	3.29919434
7.57800007	3.29919434
7.57800007	3.29919434
7.57800007	3.29919434
7.57800007	3.29919434
7.57800007	3.29919434
7.57800007	3.29919434
7.57800007	3.29919434
7.57800007	3.29919434
7.57800007	3.29919434
7.57800007	3.29919434
7.57Time	Value
7.61700010	3.29919434
7.61700010	3.29919434
7.61700010	3.29919434
7.61700010	3.29919434
7.61700010	3.29919434
7.61700010	3.29919434
7.61700010	3.29919434
7.61700010	3.29919434
7.61700010	3.29919434
7.61700010	3.29919434
7.61700010	3.29919434
7.61700010	3.29919434
7.61700010	3.29919434
7.61700010	3.29919434
7.61700010	3.29919434
7.61700010	3.29919434
7.61700010	3.29919434
7.61700010	3.29919434
7.61700010	3.29919434
7.61700010	3.29919434
7.61700010	3.29919434
7.61Time	Value
7.65600014	3.29919434
7.65600014	3.29919434
7.65600014	3.29919434
7.65600014	3.29919434
7.65600014	3.29919434
7.65600014	3.29919434
7.65700006	3.29919434
7.65700006	3.29919434
7.65700006	3.29919434
7.65700006	3.29919434
7.65700006	3.29919434
7.65700006	3.29919434
7.65700006	3.29919434
7.65700006	3.29919434
7.65700006	3.29919434
7.65700006	3.29919434
7.65700006	3.29919434
7.65700006	3.29919434
7.65700006	3.29919434
7.65700006	3.29919434
7.65700006	3.29919434
7.65Time	Value
7.69600010	3.29919434
7.69600010	3.29919434
7.69600010	3.29919434
7.69600010	3.29919434
7.69600010	3.29919434
7.69600010	3.29919434
7.69600010	3.29919434
7.69600010	3.29919434
7.69600010	3.29919434
7.69600010	3.29919434
7.69600010	3.29919434
7.69600010	3.29919434
7.69600010	3.29919434
7.69600010	3.29919434
7.69600010	3.29919434
7.69600010	3.29919434
7.69600010	3.29919434
7.69600010	3.29919434
7.69600010	3.29919434
7.69600010	3.29919434
7.69700003	3.29919434
7.69Time	Value
7.73500013	3.29919434
7.73500013	3.29919434
7.73500013	3.29919434
7.73500013	3.29919434
7.73500013	3.29919434
7.73500013	3.29919434
7.73500013	3.29919434
7.73600006	3.29919434
7.73600006	3.29919434
7.73600006	3.29919434
7.73600006	3.29919434
7.73600006	3.29919434
7.73600006	3.29919434
7.73600006	3.29919434
7.73600006	3.29919434
7.73600006	3.29919434
7.73600006	3.29919434
7.73600006	3.29919434
7.73600006	3.29919434
7.73600006	3.29919434
7.73600006	3.29919434
7.73Time	Value
7.77500010	3.29919434
7.77500010	3.29919434
7.77500010	3.29919434
7.77500010	3.29919434
7.77500010	3.29919434
7.77500010	3.29919434
7.77500010	3.29919434
7.77500010	3.29919434
7.77500010	3.29919434
7.77500010	3.29919434
7.77500010	3.29919434
7.77500010	3.29919434
7.77500010	3.29919434
7.77500010	3.29919434
7.77500010	3.29919434
7.77500010	3.29919434
7.77500010	3.29919434
7.77500010	3.29919434
7.77500010	3.29919434
7.77500010	3.29919434
7.77600002	3.29919434
7.77Time	Value
7.81400013	3.29919434
7.81400013	3.29919434
7.81400013	3.29919434
7.81400013	3.29919434
7.81400013	3.29919434
7.81400013	3.29919434
7.81400013	3.29919434
7.81500006	3.29919434
7.81500006	3.29919434
7.81500006	3.29919434
7.81500006	3.29919434
7.81500006	3.29919434
7.81500006	3.29919434
7.81500006	3.29919434
7.81500006	3.29919434
7.81500006	3.29919434
7.81500006	3.29919434
7.81500006	3.29919434
7.81500006	3.29919434
7.81500006	3.29919434
7.81500006	3.29919434
7.81Time	Value
7.85400009	3.29919434
7.85400009	3.29919434
7.85400009	3.29919434
7.85400009	3.29919434
7.85400009	3.29919434
7.85400009	3.29919434
7.85400009	3.29919434
7.85400009	3.29919434
7.85400009	3.29919434
7.85400009	3.29919434
7.85400009	3.29919434
7.85400009	3.29919434
7.85400009	3.29919434
7.85400009	3.29919434
7.85400009	3.29919434
7.85400009	3.29919434
7.85400009	3.29919434
7.85400009	3.29919434
7.85400009	3.29919434
7.85400009	3.29919434
7.85400009	3.29919434
7.85Time	Value
7.89300013	3.29919434
7.89300013	3.29919434
7.89300013	3.29919434
7.89300013	3.29919434
7.89300013	3.29919434
7.89300013	3.29919434
7.89300013	3.29919434
7.89400005	3.29919434
7.89400005	3.29919434
7.89400005	3.29919434
7.89400005	3.29919434
7.89400005	3.29919434
7.89400005	3.29919434
7.89400005	3.29919434
7.89400005	3.29919434
7.89400005	3.29919434
7.89400005	3.29919434
7.89400005	3.29919434
7.89400005	3.29919434
7.89400005	3.29919434
7.89400005	3.29919434
7.89Time	Value
7.93300009	3.29919434
7.93300009	3.29919434
7.93300009	3.29919434
7.93300009	3.29919434
7.93300009	3.29919434
7.93300009	3.29919434
7.93300009	3.29919434
7.93300009	3.29919434
7.93300009	3.29919434
7.93300009	3.29919434
7.93300009	3.29919434
7.93300009	3.29919434
7.93300009	3.29919434
7.93300009	3.29919434
7.93300009	3.29919434
7.93300009	3.29919434
7.93300009	3.29919434
7.93300009	3.29919434
7.93300009	3.29919434
7.93300009	3.29919434
7.93300009	3.29919434
7.93Time	Value
7.97200012	3.29919434
7.97200012	3.29919434
7.97200012	3.29919434
7.97200012	3.29919434
7.97200012	3.29919434
7.97200012	3.29919434
7.97200012	3.29919434
7.97200012	3.29919434
7.97200012	3.29919434
7.97300005	3.29919434
7.97300005	3.29919434
7.97300005	3.29919434
7.97300005	3.29919434
7.97300005	3.29919434
7.97300005	3.29919434
7.97300005	3.29919434
7.97300005	3.29919434
7.97300005	3.29919434
7.97300005	3.29919434
7.97300005	3.29919434
7.97300005	3.29919434
7.97Time	Value
8.01200008	3.29919434
8.01200008	3.29919434
8.01200008	3.29919434
8.01200008	3.29919434
8.01200008	3.29919434
8.01200008	3.29919434
8.01200008	3.29919434
8.01200008	3.29919434
8.01200008	3.29919434
8.01200008	3.29919434
8.01200008	3.29919434
8.01200008	3.29919434
8.01200008	3.29919434
8.01200008	3.29919434
8.01200008	3.29919434
8.01200008	3.29919434
8.01200008	3.29919434
8.01200008	3.29919434
8.01200008	3.29919434
8.01200008	3.29919434
8.01200008	3.29919434
8.01Time	Value
8.05099964	3.29919434
8.05099964	3.29919434
8.05099964	3.29919434
8.05099964	3.29919434
8.05099964	3.29919434
8.05099964	3.29919434
8.05099964	3.29919434
8.05099964	3.29919434
8.05099964	3.29919434
8.05200005	3.29919434
8.05200005	3.29919434
8.05200005	3.29919434
8.05200005	3.29919434
8.05200005	3.29919434
8.05200005	3.29919434
8.05200005	3.29919434
8.05200005	3.29919434
8.05200005	3.29919434
8.05200005	3.29919434
8.05200005	3.29919434
8.05200005	3.29919434
8.05Time	Value
8.09099960	3.29919434
8.09099960	3.29919434
8.09099960	3.29919434
8.09099960	3.29919434
8.09099960	3.29919434
8.09099960	3.29919434
8.09099960	3.29919434
8.09099960	3.29919434
8.09099960	3.29919434
8.09099960	3.29919434
8.09099960	3.29919434
8.09099960	3.29919434
8.09099960	3.29919434
8.09099960	3.29919434
8.09099960	3.29919434
8.09099960	3.29919434
8.09099960	3.29919434
8.09099960	3.29919434
8.09099960	3.29919434
8.09099960	3.29919434
8.09099960	3.29919434
8.09Time	Value
8.13000011	3.29919434
8.13000011	3.29919434
8.13000011	3.29919434
8.13000011	3.29919434
8.13099957	3.29919434
8.13099957	3.29919434
8.13099957	3.29919434
8.13099957	3.29919434
8.13099957	3.29919434
8.13099957	3.29919434
8.13099957	3.29919434
8.13099957	3.29919434
8.13099957	3.29919434
8.13099957	3.29919434
8.13099957	3.29919434
8.13099957	3.29919434
8.13099957	3.29919434
8.13099957	3.29919434
8.13099957	3.29919434
8.13099957	3.29919434
8.13099957	3.29919434
8.13Time	Value
8.17000008	3.29919434
8.17000008	3.29919434
8.17000008	3.29919434
8.17000008	3.29919434
8.17000008	3.29919434
8.17000008	3.29919434
8.17000008	3.29919434
8.17000008	3.29919434
8.17000008	3.29919434
8.17000008	3.29919434
8.17000008	3.29919434
8.17000008	3.29919434
8.17000008	3.29919434
8.17000008	3.29919434
8.17099953	3.29919434
8.17099953	3.29919434
8.17099953	3.29919434
8.17099953	3.29919434
8.17099953	3.29919434
8.17099953	3.29919434
8.17099953	3.29919434
8.17Time	Value
8.21000004	3.29919434
8.21000004	3.29919434
8.21000004	3.29919434
8.21000004	3.29919434
8.21000004	3.29919434
8.21000004	3.29919434
8.21000004	3.29919434
8.21000004	3.29919434
8.21000004	3.29919434
8.21000004	3.29919434
8.21000004	3.29919434
8.21000004	3.29919434
8.21000004	3.29919434
8.21000004	3.29919434
8.21000004	3.29919434
8.21000004	3.29919434
8.21000004	3.29919434
8.21000004	3.29919434
8.21000004	3.29919434
8.21000004	3.29919434
8.21000004	3.29919434
8.21Time	Value
8.24899960	3.29919434
8.24899960	3.29919434
8.24899960	3.29919434
8.24899960	3.29919434
8.24899960	3.29919434
8.24899960	3.29919434
8.24899960	3.29919434
8.24899960	3.29919434
8.24899960	3.29919434
8.24899960	3.29919434
8.24899960	3.29919434
8.24899960	3.29919434
8.24899960	3.29919434
8.24899960	3.29919434
8.24899960	3.29919434
8.24899960	3.29919434
8.24899960	3.29919434
8.24899960	3.29919434
8.24899960	3.29919434
8.24899960	3.29919434
8.25000000	3.29919434
8.25Time	Value
8.28800011	3.29919434
8.28800011	3.29919434
8.28800011	3.29919434
8.28800011	3.29919434
8.28800011	3.29919434
8.28800011	3.29919434
8.28800011	3.29919434
8.28800011	3.29919434
8.28800011	3.29919434
8.28899956	3.29919434
8.28899956	3.29919434
8.28899956	3.29919434
8.28899956	3.29919434
8.28899956	3.29919434
8.28899956	3.29919434
8.28899956	3.29919434
8.28899956	3.29919434
8.28899956	3.29919434
8.28899956	3.29919434
8.28899956	3.29919434
8.28899956	3.29919434
8.28Time	Value
8.32800007	3.29919434
8.32800007	3.29919434
8.32800007	3.29919434
8.32800007	3.29919434
8.32800007	3.29919434
8.32800007	3.29919434
8.32800007	3.29919434
8.32800007	3.29919434
8.32800007	3.29919434
8.32800007	3.29919434
8.32800007	3.29919434
8.32800007	3.29919434
8.32800007	3.29919434
8.32800007	3.29919434
8.32800007	3.29919434
8.32800007	3.29919434
8.32800007	3.29919434
8.32800007	3.29919434
8.32800007	3.29919434
8.32800007	3.29919434
8.32800007	3.29919434
8.32Time	Value
8.36699963	3.29919434
8.36699963	3.29919434
8.36699963	3.29919434
8.36699963	3.29919434
8.36699963	3.29919434
8.36699963	3.29919434
8.36699963	3.29919434
8.36800003	3.29919434
8.36800003	3.29919434
8.36800003	3.29919434
8.36800003	3.29919434
8.36800003	3.29919434
8.36800003	3.29919434
8.36800003	3.29919434
8.36800003	3.29919434
8.36800003	3.29919434
8.36800003	3.29919434
8.36800003	3.29919434
8.36800003	3.29919434
8.36800003	3.29919434
8.36800003	3.29919434
8.36Time	Value
8.40699959	3.29919434
8.40699959	3.29919434
8.40699959	3.29919434
8.40699959	3.29919434
8.40699959	3.29919434
8.40699959	3.29919434
8.40699959	3.29919434
8.40699959	3.29919434
8.40699959	3.29919434
8.40699959	3.29919434
8.40699959	3.29919434
8.40699959	3.29919434
8.40699959	3.29919434
8.40699959	3.29919434
8.40699959	3.29919434
8.40699959	3.29919434
8.40699959	3.29919434
8.40699959	3.29919434
8.40799999	3.29919434
8.40799999	3.29919434
8.40799999	3.29919434
8.40Time	Value
8.44699955	3.29919434
8.44699955	3.29919434
8.44699955	3.29919434
8.44699955	3.29919434
8.44699955	3.29919434
8.44699955	3.29919434
8.44699955	3.29919434
8.44699955	3.29919434
8.44699955	3.29919434
8.44699955	3.29919434
8.44699955	3.29919434
8.44699955	3.29919434
8.44699955	3.29919434
8.44699955	3.29919434
8.44699955	3.29919434
8.44699955	3.29919434
8.44699955	3.29919434
8.44699955	3.29919434
8.44699955	3.29919434
8.44699955	3.29919434
8.44699955	3.29919434
8.44Time	Value
8.48600006	3.29919434
8.48600006	3.29919434
8.48600006	3.29919434
8.48600006	3.29919434
8.48600006	3.29919434
8.48600006	3.29919434
8.48700047	3.29919434
8.48700047	3.29919434
8.48700047	3.29919434
8.48700047	3.29919434
8.48700047	3.29919434
8.48700047	3.29919434
8.48700047	3.29919434
8.48700047	3.29919434
8.48700047	3.29919434
8.48700047	3.29919434
8.48700047	3.29919434
8.48700047	3.29919434
8.48700047	3.29919434
8.48700047	3.29919434
8.48700047	3.29919434
8.48Time	Value
8.52600002	3.29919434
8.52600002	3.29919434
8.52600002	3.29919434
8.52600002	3.29919434
8.52600002	3.29919434
8.52600002	3.29919434
8.52600002	3.29919434
8.52600002	3.29919434
8.52600002	3.29919434
8.52600002	3.29919434
8.52600002	3.29919434
8.52600002	3.29919434
8.52600002	3.29919434
8.52600002	3.29919434
8.52600002	3.29919434
8.52600002	3.29919434
8.52600002	3.29919434
8.52600002	3.29919434
8.52600002	3.29919434
8.52600002	3.29919434
8.52700043	3.29919434
8.52Time	Value
8.56499958	3.29919434
8.56499958	3.29919434
8.56599998	3.29919434
8.56599998	3.29919434
8.56599998	3.29919434
8.56599998	3.29919434
8.56599998	3.29919434
8.56599998	3.29919434
8.56599998	3.29919434
8.56599998	3.29919434
8.56599998	3.29919434
8.56599998	3.29919434
8.56599998	3.29919434
8.56599998	3.29919434
8.56599998	3.29919434
8.56599998	3.29919434
8.56599998	3.29919434
8.56599998	3.29919434
8.56599998	3.29919434
8.56599998	3.29919434
8.56599998	3.29919434
8.56Time	Value
8.60499954	3.29919434
8.60499954	3.29919434
8.60499954	3.29919434
8.60499954	3.29919434
8.60499954	3.29919434
8.60499954	3.29919434
8.60599995	3.29919434
8.60599995	3.29919434
8.60599995	3.29919434
8.60599995	3.29919434
8.60599995	3.29919434
8.60599995	3.29919434
8.60599995	3.29919434
8.60599995	3.29919434
8.60599995	3.29919434
8.60599995	3.29919434
8.60599995	3.29919434
8.60599995	3.29919434
8.60599995	3.29919434
8.60599995	3.29919434
8.60599995	3.29919434
8.60Time	Value
8.64500046	3.29919434
8.64500046	3.29919434
8.64500046	3.29919434
8.64500046	3.29919434
8.64500046	3.29919434
8.64500046	3.29919434
8.64500046	3.29919434
8.64500046	3.29919434
8.64500046	3.29919434
8.64500046	3.29919434
8.64500046	3.29919434
8.64500046	3.29919434
8.64500046	3.29919434
8.64500046	3.29919434
8.64500046	3.29919434
8.64599991	3.29919434
8.64599991	3.29919434
8.64599991	3.29919434
8.64599991	3.29919434
8.64599991	3.29919434
8.64599991	3.29919434
8.64Time	Value
8.68500042	3.29919434
8.68500042	3.29919434
8.68500042	3.29919434
8.68500042	3.29919434
8.68500042	3.29919434
8.68500042	3.29919434
8.68500042	3.29919434
8.68500042	3.29919434
8.68500042	3.29919434
8.68500042	3.29919434
8.68500042	3.29919434
8.68500042	3.29919434
8.68500042	3.29919434
8.68500042	3.29919434
8.68500042	3.29919434
8.68500042	3.29919434
8.68500042	3.29919434
8.68500042	3.29919434
8.68500042	3.29919434
8.68500042	3.29919434
8.68500042	3.29919434
8.68Time	Value
8.72399998	3.29919434
8.72399998	3.29919434
8.72399998	3.29919434
8.72399998	3.29919434
8.72399998	3.29919434
8.72399998	3.29919434
8.72399998	3.29919434
8.72399998	3.29919434
8.72399998	3.29919434
8.72399998	3.29919434
8.72399998	3.29919434
8.72399998	3.29919434
8.72500038	3.29919434
8.72500038	3.29919434
8.72500038	3.29919434
8.72500038	3.29919434
8.72500038	3.29919434
8.72500038	3.29919434
8.72500038	3.29919434
8.72500038	3.29919434
8.72500038	3.29919434
8.72Time	Value
8.76399994	3.29919434
8.76399994	3.29919434
8.76399994	3.29919434
8.76399994	3.29919434
8.76399994	3.29919434
8.76399994	3.29919434
8.76399994	3.29919434
8.76399994	3.29919434
8.76399994	3.29919434
8.76399994	3.29919434
8.76399994	3.29919434
8.76399994	3.29919434
8.76399994	3.29919434
8.76399994	3.29919434
8.76399994	3.29919434
8.76399994	3.29919434
8.76399994	3.29919434
8.76399994	3.29919434
8.76399994	3.29919434
8.76399994	3.29919434
8.76500034	3.29919434
8.76Time	Value
8.80399990	3.29919434
8.80399990	3.29919434
8.80399990	3.29919434
8.80399990	3.29919434
8.80399990	3.29919434
8.80399990	3.29919434
8.80399990	3.29919434
8.80399990	3.29919434
8.80399990	3.29919434
8.80399990	3.29919434
8.80399990	3.29919434
8.80399990	3.29919434
8.80399990	3.29919434
8.80399990	3.29919434
8.80399990	3.29919434
8.80399990	3.29919434
8.80399990	3.29919434
8.80399990	3.29919434
8.80399990	3.29919434
8.80399990	3.29919434
8.80399990	3.29919434
8.80Time	Value
8.84300041	3.29919434
8.84300041	3.29919434
8.84300041	3.29919434
8.84300041	3.29919434
8.84399986	3.29919434
8.84399986	3.29919434
8.84399986	3.29919434
8.84399986	3.29919434
8.84399986	3.29919434
8.84399986	3.29919434
8.84399986	3.29919434
8.84399986	3.29919434
8.84399986	3.29919434
8.84399986	3.29919434
8.84399986	3.29919434
8.84399986	3.29919434
8.84399986	3.29919434
8.84399986	3.29919434
8.84399986	3.29919434
8.84399986	3.29919434
8.84399986	3.29919434
8.84Time	Value
8.88300037	3.29919434
8.88300037	3.29919434
8.88300037	3.29919434
8.88300037	3.29919434
8.88300037	3.29919434
8.88300037	3.29919434
8.88300037	3.29919434
8.88300037	3.29919434
8.88399982	3.29919434
8.88399982	3.29919434
8.88399982	3.29919434
8.88399982	3.29919434
8.88399982	3.29919434
8.88399982	3.29919434
8.88399982	3.29919434
8.88399982	3.29919434
8.88399982	3.29919434
8.88399982	3.29919434
8.88399982	3.29919434
8.88399982	3.29919434
8.88399982	3.29919434
8.88Time	Value
8.92300034	3.29919434
8.92300034	3.29919434
8.92300034	3.29919434
8.92300034	3.29919434
8.92300034	3.29919434
8.92300034	3.29919434
8.92300034	3.29919434
8.92300034	3.29919434
8.92300034	3.29919434
8.92300034	3.29919434
8.92300034	3.29919434
8.92300034	3.29919434
8.92300034	3.29919434
8.92399979	3.29919434
8.92399979	3.29919434
8.92399979	3.29919434
8.92399979	3.29919434
8.92399979	3.29919434
8.92399979	3.29919434
8.92399979	3.29919434
8.92399979	3.29919434
8.92Time	Value
8.96300030	3.29919434
8.96300030	3.29919434
8.96300030	3.29919434
8.96300030	3.29919434
8.96300030	3.29919434
8.96300030	3.29919434
8.96300030	3.29919434
8.96300030	3.29919434
8.96300030	3.29919434
8.96300030	3.29919434
8.96300030	3.29919434
8.96300030	3.29919434
8.96300030	3.29919434
8.96300030	3.29919434
8.96300030	3.29919434
8.96300030	3.29919434
8.96300030	3.29919434
8.96300030	3.29919434
8.96300030	3.29919434
8.96300030	3.29919434
8.96300030	3.29919434
8.96Time	Value
9.00199986	3.29919434
9.00199986	3.29919434
9.00199986	3.29919434
9.00199986	3.29919434
9.00199986	3.29919434
9.00199986	3.29919434
9.00199986	3.29919434
9.00300026	3.29919434
9.00300026	3.29919434
9.00300026	3.29919434
9.00300026	3.29919434
9.00300026	3.29919434
9.00300026	3.29919434
9.00300026	3.29919434
9.00300026	3.29919434
9.00300026	3.29919434
9.00300026	3.29919434
9.00300026	3.29919434
9.00300026	3.29919434
9.00300026	3.29919434
9.00300026	3.29919434
9.00Time	Value
9.04199982	3.29919434
9.04199982	3.29919434
9.04199982	3.29919434
9.04199982	3.29919434
9.04199982	3.29919434
9.04199982	3.29919434
9.04199982	3.29919434
9.04199982	3.29919434
9.04199982	3.29919434
9.04199982	3.29919434
9.04199982	3.29919434
9.04199982	3.29919434
9.04199982	3.29919434
9.04199982	3.29919434
9.04199982	3.29919434
9.04199982	3.29919434
9.04199982	3.29919434
9.04199982	3.29919434
9.04199982	3.29919434
9.04199982	3.29919434
9.04199982	3.29919434
9.04Time	Value
9.08100033	3.29919434
9.08100033	3.29919434
9.08100033	3.29919434
9.08100033	3.29919434
9.08100033	3.29919434
9.08199978	3.29919434
9.08199978	3.29919434
9.08199978	3.29919434
9.08199978	3.29919434
9.08199978	3.29919434
9.08199978	3.29919434
9.08199978	3.29919434
9.08199978	3.29919434
9.08199978	3.29919434
9.08199978	3.29919434
9.08199978	3.29919434
9.08
9.08199978	3.29919434
9.08199978	3.29919434
9.08Time	Value
9.12100029	3.29919434
9.12100029	3.29919434
9.12100029	3.29919434
9.12100029	3.29919434
9.12100029	3.29919434
9.12100029	3.29919434
9.12100029	3.29919434
9.12100029	3.29919434
9.12100029	3.29919434
9.12100029	3.29919434
9.12100029	3.29919434
9.12100029	3.29919434
9.12100029	3.29919434
9.12100029	3.29919434
9.12100029	3.29919434
9.12100029	3.29919434
9.12199974	3.29919434
9.12199974	3.29919434
9.12199974	3.29919434199978	3.29919434
9.08199978	3.29919434
9.08199978	3.29919434
9.12199974	3.29919434
9.12199974	3.29919434
9.12Time	Value
9.16100025	3.29919434
9.16100025	3.29919434
9.16100025	3.29919434
9.16100025	3.29919434
9.16100025	3.29919434
9.16100025	3.29919434
9.16100025	3.29919434
9.16100025	3.29919434
9.16100025	3.29919434
9.16100025	3.29919434
9.16100025	3.29919434
9.16100025	3.29919434
9.16100025	3.29919434
9.16100025	3.29919434
9.16100025	3.29919434
9.16100025	3.29919434
9.16100025	3.29919434
9.16100025	3.29919434
9.16100025	3.29919434
9.16100025	3.29919434
9.16100025	3.29919434
9.16Time	Value
9.19999981	3.29919434
9.19999981	3.29919434
9.19999981	3.29919434
9.19999981	3.29919434
9.19999981	3.29919434
9.19999981	3.29919434
9.20100021	3.29919434
9.20100021	3.29919434
9.20100021	3.29919434
9.20100021	3.29919434
9.20100021	3.29919434
9.20100021	3.29919434
9.20100021	3.29919434
9.20100021	3.29919434
9.20100021	3.29919434
9.20100021	3.29919434
9.20100021	3.29919434
9.20100021	3.29919434
9.20100021	3.29919434
9.20100021	3.29919434
9.20100021	3.29919434
9.20Time	Value
9.23999977	3.29919434
9.23999977	3.29919434
9.23999977	3.29919434
9.23999977	3.29919434
9.23999977	3.29919434
9.23999977	3.29919434
9.23999977	3.29919434
9.23999977	3.29919434
9.23999977	3.29919434
9.23999977	3.29919434
9.23999977	3.29919434
9.23999977	3.29919434
9.23999977	3.29919434
9.23999977	3.29919434
9.23999977	3.29919434
9.23999977	3.29919434
9.23999977	3.29919434
9.24100018	3.29919434
9.24100018	3.29919434
9.24100018	3.29919434
9.24100018	3.29919434
9.24Time	Value
9.27999973	3.29919434
9.27999973	3.29919434
9.27999973	3.29919434
9.27999973	3.29919434
9.27999973	3.29919434
9.27999973	3.29919434
9.27999973	3.29919434
9.27999973	3.29919434
9.27999973	3.29919434
9.27999973	3.29919434
9.27999973	3.29919434
9.27999973	3.29919434
9.27999973	3.29919434
9.27999973	3.29919434
9.27999973	3.29919434
9.27999973	3.29919434
9.27999973	3.29919434
9.27999973	3.29919434
9.27999973	3.29919434
9.27999973	3.29919434
9.27999973	3.29919434
9.27Time	Value
9.31999969	3.29919434
9.31999969	3.29919434
9.31999969	3.29919434
9.31999969	3.29919434
9.31999969	3.29919434
9.31999969	3.29919434
9.31999969	3.29919434
9.31999969	3.29919434
9.31999969	3.29919434
9.31999969	3.29919434
9.31999969	3.29919434
9.31999969	3.29919434
9.31999969	3.29919434
9.31999969	3.29919434
9.31999969	3.29919434
9.31999969	3.29919434
9.31999969	3.29919434
9.31999969	3.29919434
9.31999969	3.29919434
9.31999969	3.29919434
9.31999969	3.29919434
9.31Time	Value
9.35999966	3.29919434
9.35999966	3.29919434
9.35999966	3.29919434
9.35999966	3.29919434
9.35999966	3.29919434
9.35999966	3.29919434
9.35999966	3.29919434
9.35999966	3.29919434
9.35999966	3.29919434
9.35999966	3.29919434
9.35999966	3.29919434
9.35999966	3.29919434
9.35999966	3.29919434
9.35999966	3.29919434
9.35999966	3.29919434
9.35999966	3.29919434
9.35999966	3.29919434
9.35999966	3.29919434
9.35999966	3.29919434
9.35999966	3.29919434
9.35999966	3.29919434
9.35Time	Value
9.39900017	3.29919434
9.39900017	3.29919434
9.39900017	3.29919434
9.39999962	3.29919434
9.39999962	3.29919434
9.39999962	3.29919434
9.39999962	3.29919434
9.39999962	3.29919434
9.39999962	3.29919434
9.39999962	3.29919434
9.39999962	3.29919434
9.39999962	3.29919434
9.39999962	3.29919434
9.39999962	3.29919434
9.39999962	3.29919434
9.39999962	3.29919434
9.39999962	3.29919434
9.39999962	3.29919434
9.39999962	3.29919434
9.39999962	3.29919434
9.39999962	3.29919434
9.39