.29919434
9.54100037	3.29919434
9.54100037	3.29919434
9.54100037	3.29919434
9.54100037	3.29919434
9.54100037	3.29919434
9.54100037	3.29919434
9.54100037	3.29919434
9.54100037	3.29919434
9.54100037	3.29919434
9.54199982	3.29919434
9.54199982	3.2999.61400032	3.29919434
9.61400032	3.29919434
9.61400032	3.29919434
9.61400032	3.29919434
9.61400032	3.29919434
9.61400032	3.29919434
9.61400032	3.29919434
9.61400032	3.29919434
9.61400032	3.29919434
9.61400032	3.29919434
9.61400032	3.29919434
9.61400032	3.29919434
9.61400032	3.29919434
9.61400032	3.29919434
9.61400032	3.29919434
9.61400032	3.29919434
9.61400032	3.29919434
9.61400032	3.29919434
9.61400032	3.29919434
9.61400032	3.29919434
9.61400032	3.29919434
9.61499977	3.2999.68700027	3.29919434
9.68700027	3.29919434
9.68700027	3.29919434
9.68700027	3.29919434
9.68700027	3.29919434
9.68700027	3.29919434
9.68700027	3.29919434
9.68700027	3.29919434
9.68700027	3.29919434
9.68700027	3.29919434
9.68700027	3.29919434
9.68700027	3.29919434
9.68700027	3.29919434
9.68700027	3.29919434
9.68700027	3.29919434
9.68700027	3.29919434
9.68700027	3.29919434
9.68700027	3.29919434
9.68700027	3.29919434
9.68700027	3.29919434
9.68700027	3.29919434
9.68700027	3.2999.76000023	3.29919434
9.76000023	3.29919434
9.76000023	3.29919434
9.76000023	3.29919434
9.76000023	3.29919434
9.76000023	3.29919434
9.76000023	3.29919434
9.76000023	3.29919434
9.76000023	3.29919434
9.76000023	3.29919434
9.76000023	3.29919434
9.76000023	3.29919434
9.76000023	3.29919434
9.76000023	3.29919434
9.76000023	3.29919434
9.76000023	3.29919434
9.76000023	3.29919434
9.76000023	3.29919434
9.76000023	3.29919434
9.76000023	3.29919434
9.76000023	3.29919434
9.76000023	3.2999.83300018	3.29919434
9.83300018	3.29919434
9.83300018	3.29919434
9.83300018	3.29919434
9.83300018	3.29919434
9.83300018	3.29919434
9.83300018	3.29919434
9.83300018	3.29919434
9.83300018	3.29919434
9.83300018	3.29919434
9.83300018	3.29919434
9.83300018	3.29919434
9.83300018	3.29919434
9.83300018	3.29919434
9.83300018	3.29919434
9.83300018	3.29919434
9.83300018	3.29919434
9.83300018	3.29919434
9.83300018	3.29919434
9.83300018	3.29919434
9.83300018	3.29919434
9.83300018	3.2999.90600014	3.29919434
9.90600014	3.29919434
9.90600014	3.29919434
9.90600014	3.29919434
9.90600014	3.29919434
9.90600014	3.29919434
9.90600014	3.29919434
9.90600014	3.29919434
9.90600014	3.29919434
9.90600014	3.29919434
9.90600014	3.29919434
9.90600014	3.29919434
9.90600014	3.29919434
9.90600014	3.29919434
9.90600014	3.29919434
9.90600014	3.29919434
9.90600014	3.29919434
9.90600014	3.29919434
9.90600014	3.29919434
9.90600014	3.29919434
9.90600014	3.29919434
9.90600014	3.2999.97900009	3.29919434
9.97900009	3.29919434
9.97900009	3.29919434
9.97900009	3.29919434
9.97900009	3.29919434
9.97900009	3.29919434
9.97900009	3.29919434
9.97900009	3.29919434
9.97900009	3.29919434
9.97900009	3.29919434
9.97900009	3.29919434
9.97900009	3.29919434
9.97900009	3.29919434
9.97900009	3.29919434
9.97900009	3.29919434
9.97900009	3.29919434
9.97900009	3.29919434
9.97900009	3.29919434
9.97900009	3.29919434
9.97900009	3.29919434
9.97900009	3.29919434
9.97900009	3.29910.05200005	3.29919434
10.05200005	3.29919434
10.05200005	3.29919434
10.05200005	3.29919434
10.05200005	3.29919434
10.05200005	3.29919434
10.05200005	3.29919434
10.05200005	3.29919434
919434
10.05200005	3.29919434
10.05200005	3.29919434
10.05200005	3.29919434
10.05200005	3.29919434
10.05200005	3.29919434
10.05200005	3.29919434
10.05200005	3.29919434
10.05200005	3.2910.05200005	3.29919434
10.05200005	3.29919434
10.05200005	3.29919434
10.05200005	3.29919434
10.05200005	3.2991910.12500000	3.29919434
10.12500000	3.29919434
10.12500000	3.29919434
10.12500000	3.29919434
10.12500000	3.29919434
10.12500000	3.29919434
10.12500000	3.29919434
10.12500000	3.29919434
10.12500000	3.29919434
10.12500000	3.29919434
10.12500000	3.29919434
10.12500000	3.29919434
10.12500000	3.29919434
10.12500000	3.29919434
10.12500000	3.29919434
10.12500000	3.29919434
10.12500000	3.29919434
10.12500000	3.29919434
10.12500000	3.29919434
10.12500000	3.29919434
10.12500000	3.2991910.19799995	3.29919434
10.19799995	3.29919434
10.19799995	3.29919434
10.19799995	3.29919434
10.19799995	3.29919434
10.19799995	3.29919434
10.19799995	3.29919434
10.19799995	3.29919434
10.19799995	3.29919434
10.19799995	3.29919434
10.19799995	3.29919434
10.19799995	3.29919434
10.19799995	3.29919434
10.19799995	3.29919434
10.19799995	3.29919434
10.19799995	3.29919434
10.19799995	3.29919434
10.19799995	3.29919434
10.19799995	3.29919434
10.19799995	3.29919434
10.19900036	3.2991910.27099991	3.29919434
10.27099991	3.29919434
10.27099991	3.29919434
10.27200031	3.29919434
10.27200031	3.29919434
10.27200031	3.29919434
10.27200031	3.29919434
10.27200031	3.29919434
10.27200031	3.29919434
10.27200031	3.29919434
10.27200031	3.29919434
10.27200031	3.29919434
10.27200031	3.29919434
10.27200031	3.29919434
10.27200031	3.29919434
10.27200031	3.29919434
10.27200031	3.29919434
10.27200031	3.29919434
10.27200031	3.29919434
10.27200031	3.29919434
10.27200031	3.2991910.34500027	3.29919434
10.34500027	3.29919434
10.34500027	3.29919434
10.34500027	3.29919434
10.34500027	3.29919434
10.34500027	3.29919434
10.34500027	3.29919434
10.34500027	3.29919434
10.34500027	3.29919434
10.34500027	3.29919434
10.34500027	3.29919434
10.34500027	3.29919434
10.34500027	3.29919434
10.34500027	3.29919434
10.34500027	3.29919434
10.34500027	3.29919434
10.34500027	3.29919434
10.34500027	3.29919434
10.34500027	3.29919434
10.34500027	3.29919434
10.34500027	3.2991910.41800022	3.29919434
10.41800022	3.29919434
10.41800022	3.29919434
10.41800022	3.29919434
10.41800022	3.29919434
10.41800022	3.29919434
10.41800022	3.29919434
10.41800022	3.29919434
10.41800022	3.29919434
10.41800022	3.29919434
10.41800022	3.29919434
10.41800022	3.29919434
10.41800022	3.29919434
10.41800022	3.29919434
10.41899967	3.29919434
10.41899967	3.29919434
10.41899967	3.29919434
10.41899967	3.29919434
10.41899967	3.29919434
10.41899967	3.29919434
10.41899967	3.2991910.49100018	3.29919434
10.49100018	3.29919434
10.49100018	3.29919434
10.49199963	3.29919434
10.49199963	3.29919434
10.49199963	3.29919434
10.49199963	3.29919434
10.49199963	3.29919434
10.49199963	3.29919434
10.49199963	3.29919434
10.49199963	3.29919434
10.49199963	3.29919434
10.49199963	3.29919434
10.49199963	3.29919434
10.49199963	3.29919434
10.49199963	3.29919434
10.49199963	3.29919434
10.49199963	3.29919434
10.49199963	3.29919434
10.49199963	3.29919434
10.49199963	3.2991910.56400013	3.29919434
10.56400013	3.29919434
10.56499958	3.29919434
10.56499958	3.29919434
10.56499958	3.29919434
10.56499958	3.29919434
10.56499958	3.29919434
10.56499958	3.29919434
10.56499958	3.29919434
10.56499958	3.29919434
10.56499958	3.29919434
10.56499958	3.29919434
10.56499958	3.29919434
10.56499958	3.29919434
10.56499958	3.29919434
10.56499958	3.29919434
10.56499958	3.29919434
10.56499958	3.29919434
10.56499958	3.29919434
10.56499958	3.29919434
10.56499958	3.2991910.63799953	3.29919434
10.63799953	3.29919434
10.63799953	3.29919434
10.63799953	3.29919434
10.63799953	3.29919434
10.63799953	3.29919434
10.63799953	3.29919434
10.63799953	3.29919434
10.63799953	3.29919434
10.63799953	3.29919434
10.63799953	3.29919434
10.63799953	3.29919434
10.63799953	3.29919434
10.63799953	3.29919434
10.63799953	3.29919434
10.63799953	3.29919434
10.63799953	3.29919434
10.63799953	3.29919434
10.63899994	3.29919434
10.63899994	3.29919434
10.63899994	3.2991910.71100044	3.29919434
10.71100044	3.29919434
10.71100044	3.29919434
10.71199989	3.29919434
10.71199989	3.29919434
10.71199989	3.29919434
10.71199989	3.29919434
10.71199989	3.29919434
10.71199989	3.29919434
10.71199989	3.29919434
10.71199989	3.29919434
10.71199989	3.29919434
10.71199989	3.29919434
10.71199989	3.29919434
10.71199989	3.29919434
10.71199989	3.29919434
10.71199989	3.29919434
10.71199989	3.29919434
10.71199989	3.29919434
10.71199989	3.29919434
10.71199989	3.2991910.78499985	3.29919434
10.78499985	3.29919434
10.78499985	3.29919434
10.78499985	3.29919434
10.78499985	3.29919434
10.78499985	3.29919434
10.78499985	3.29919434
10.78499985	3.29919434
10.78499985	3.29919434
10.78499985	3.29919434
10.78499985	3.29919434
10.78499985	3.29919434
10.78499985	3.29919434
10.78499985	3.29919434
10.78499985	3.29919434
10.78499985	3.29919434
10.78499985	3.29919434
10.78499985	3.29919434
10.78600025	3.29919434
10.78600025	3.29919434
10.78600025	3.2991910.85799980	3.29919434
10.85799980	3.29919434
10.85799980	3.29919434
10.85799980	3.29919434
10.85799980	3.29919434
10.85900021	3.29919434
10.85900021	3.29919434
10.85900021	3.29919434
10.85900021	3.29919434
10.85900021	3.29919434
10.85900021	3.29919434
10.85900021	3.29919434
10.85900021	3.29919434
10.85900021	3.29919434
10.85900021	3.29919434
10.85900021	3.29919434
10.85900021	3.29919434
10.85900021	3.29919434
10.85900021	3.29919434
10.85900021	3.29919434
10.85900021	3.2991910.93099976	3.29919434
10.93099976	3.29919434
10.93200016	3.29919434
10.93200016	3.29919434
10.93200016	3.29919434
10.93200016	3.29919434
10.93200016	3.29919434
10.93200016	3.29919434
10.93200016	3.29919434
10.93200016	3.29919434
10.93200016	3.29919434
10.93200016	3.29919434
10.93200016	3.29919434
10.93200016	3.29919434
10.93200016	3.29919434
10.93200016	3.29919434
10.93200016	3.29919434
10.93200016	3.29919434
10.93200016	3.29919434
10.93200016	3.29919434
10.93200016	3.2991911.00500011	3.29919434
11.00500011	3.29919434
11.00500011	3.29919434
11.00500011	3.29919434
11.00500011	3.29919434
11.00500011	3.29919434
11.00500011	3.29919434
11.00500011	3.29919434
11.00500011	3.29919434
11.00500011	3.29919434
11.00500011	3.29919434
11.00500011	3.29919434
11.00500011	3.29919434
11.00500011	3.29919434
11.00500011	3.29919434
11.00500011	3.29919434
11.00500011	3.29919434
11.00500011	3.29919434
11.00500011	3.29919434
11.00500011	3.29919434
11.00500011	3.2991911.07800007	3.29919434
11.07800007	3.29919434
11.07800007	3.29919434
11.07800007	3.29919434
11.07800007	3.29919434
11.07800007	3.29919434
11.07800007	3.29919434
11.07800007	3.29919434
11.07800007	3.29919434
11.07800007	3.29919434
11.07800007	3.29919434
11.07800007	3.29919434
11.07800007	3.29919434
11.07800007	3.29919434
11.07800007	3.29919434
11.07800007	3.29919434
11.07800007	3.29919434
11.07900047	3.29919434
11.07900047	3.29919434
11.07900047	3.29919434
11.07900047	3.2991911.15100002	3.29919434
11.15100002	3.29919434
11.15100002	3.29919434
11.15100002	3.29919434
11.15100002	3.29919434
11.15100002	3.29919434
11.15100002	3.29919434
11.15100002	3.29919434
11.15100002	3.29919434
11.15100002	3.29919434
11.15100002	3.29919434
11.15100002	3.29919434
11.15100002	3.29919434
11.15100002	3.29919434
11.15100002	3.29919434
11.15200043	3.29919434
11.15200043	3.29919434
11.15200043	3.29919434
11.15200043	3.29919434
11.15200043	3.29919434
11.15200043	3.2991911.22399998	3.29919434
11.22399998	3.29919434
11.22399998	3.29919434
11.22399998	3.29919434
11.22399998	3.29919434
11.22399998	3.29919434
11.22500038	3.29919434
11.22500038	3.29919434
11.22500038	3.29919434
11.22500038	3.29919434
11.22500038	3.29919434
11.22500038	3.29919434
11.22500038	3.29919434
11.22500038	3.29919434
11.22500038	3.29919434
11.22500038	3.29919434
11.22500038	3.29919434
11.22500038	3.29919434
11.22500038	3.29919434
11.22500038	3.29919434
11.22500038	3.2991911.29800034	3.29919434
11.29800034	3.29919434
11.29800034	3.29919434
11.29800034	3.29919434
11.29800034	3.29919434
11.29800034	3.29919434
11.29800034	3.29919434
11.29800034	3.29919434
11.29800034	3.29919434
11.29800034	3.29919434
11.29800034	3.29919434
11.29800034	3.29919434
11.29800034	3.29919434
11.29800034	3.29919434
11.29800034	3.29919434
11.29800034	3.29919434
11.29800034	3.29919434
11.29800034	3.29919434
11.29800034	3.29919434
11.29899979	3.29919434
11.29899979	3.2991911.37100029	3.29919434
11.37100029	3.29919434
11.37100029	3.29919434
11.37100029	3.29919434
11.37100029	3.29919434
11.37100029	3.29919434
11.37100029	3.29919434
11.37100029	3.29919434
11.37100029	3.29919434
11.37100029	3.29919434
11.37100029	3.29919434
11.37100029	3.29919434
11.37100029	3.29919434
11.37199974	3.29919434
11.37199974	3.29919434
11.37199974	3.29919434
11.37199974	3.29919434
11.37199974	3.29919434
11.37199974	3.29919434
11.37199974	3.29919434
11.37199974	3.2991911.44400024	3.29919434
11.44400024	3.29919434
11.44400024	3.29919434
11.44400024	3.29919434
11.44400024	3.29919434
11.44400024	3.29919434
11.44400024	3.29919434
11.44499969	3.29919434
11.44499969	3.29919434
11.44499969	3.29919434
11.44499969	3.29919434
11.44499969	3.29919434
11.44499969	3.29919434
11.44499969	3.29919434
11.44499969	3.29919434
11.44499969	3.29919434
11.44499969	3.29919434
11.44499969	3.29919434
11.44499969	3.29919434
11.44499969	3.29919434
11.44499969	3.2991911.51799965	3.29919434
11.51799965	3.29919434
11.51799965	3.29919434
11.51799965	3.29919434
11.51799965	3.29919434
11.51799965	3.29919434
11.51799965	3.29919434
11.51799965	3.29919434
11.51799965	3.29919434
11.51799965	3.29919434
11.51799965	3.29919434
11.51799965	3.29919434
11.51799965	3.29919434
11.51799965	3.29919434
11.51799965	3.29919434
11.51799965	3.29919434
11.51799965	3.29919434
11.51900005	3.29919434
11.51900005	3.29919434
11.51900005	3.29919434
11.51900005	3.2991911.59099960	3.29919434
11.59099960	3.29919434
11.59200001	3.29919434
11.59200001	3.29919434
11.59200001	3.29919434
11.59200001	3.29919434
11.59200001	3.29919434
11.59200001	3.29919434
11.59200001	3.29919434
11.59200001	3.29919434
11.59200001	3.29919434
11.59200001	3.29919434
11.59200001	3.29919434
11.59200001	3.29919434
11.59200001	3.29919434
11.59200001	3.29919434
11.59200001	3.29919434
11.59200001	3.29919434
11.59200001	3.29919434
11.59200001	3.29919434
11.59200001	3.2991911.66499996	3.29919434
11.66499996	3.29919434
11.66499996	3.29919434
11.66499996	3.29919434
11.66499996	3.29919434
11.66499996	3.29919434
11.66499996	3.29919434
11.66499996	3.29919434
11.66499996	3.29919434
11.66499996	3.29919434
11.66499996	3.29919434
11.66499996	3.29919434
11.66499996	3.29919434
11.66499996	3.29919434
11.66499996	3.29919434
11.66499996	3.29919434
11.66499996	3.29919434
11.66499996	3.29919434
11.66499996	3.29919434
11.66499996	3.29919434
11.66499996	3.2991911.73799992	3.29919434
11.73799992	3.29919434
11.73799992	3.29919434
11.73799992	3.29919434
11.73799992	3.29919434
11.73799992	3.29919434
11.73900032	3.29919434
11.73900032	3.29919434
11.73900032	3.29919434
11.73900032	3.29919434
11.73900032	3.29919434
11.73900032	3.29919434
11.73900032	3.29919434
11.73900032	3.29919434
11.73900032	3.29919434
11.73900032	3.29919434
11.73900032	3.29919434
11.73900032	3.29919434
11.73900032	3.29919434
11.73900032	3.29919434
11.73900032	3.2991911.81200027	3.29919434
11.81200027	3.29919434
11.81200027	3.29919434
11.81200027	3.29919434
11.81200027	3.29919434
11.81200027	3.29919434
11.81200027	3.29919434
11.81200027	3.29919434
11.81200027	3.29919434
11.81200027	3.29919434
11.81200027	3.29919434
11.81200027	3.29919434
11.81200027	3.29919434
11.81200027	3.29919434
11.81200027	3.29919434
11.81200027	3.29919434
11.81200027	3.29919434
11.81200027	3.29919434
11.81200027	3.29919434
11.81200027	3.29919434
11.81200027	3.2991911.88500023	3.29919434
11.88500023	3.29919434
11.88500023	3.29919434
11.88500023	3.29919434
11.88500023	3.29919434
11.88500023	3.29919434
11.88500023	3.29919434
11.88500023	3.29919434
11.88500023	3.29919434
11.88500023	3.29919434
11.88500023	3.29919434
11.88500023	3.29919434
11.88500023	3.29919434
11.88500023	3.29919434
11.88500023	3.29919434
11.88500023	3.29919434
11.88500023	3.29919434
11.88500023	3.29919434
11.88500023	3.29919434
11.88500023	3.29919434
11.88599968	3.2991911.95800018	3.29919434
11.95800018	3.29919434
11.95800018	3.29919434
11.95800018	3.29919434
11.95800018	3.29919434
11.95800018	3.29919434
11.95800018	3.29919434
11.95800018	3.29919434
11.95800018	3.29919434
11.95800018	3.29919434
11.95899963	3.29919434
11.95899963	3.29919434
11.95899963	3.29919434
11.95899963	3.29919434
11.95899963	3.29919434
11.95899963	3.29919434
11.95899963	3.29919434
11.95899963	3.29919434
11.95899963	3.29919434
11.95899963	3.29919434
11.95899963	3.2991912.03199959	3.29919434
12.03199959	3.29919434
12.03199959	3.29919434
12.03199959	3.29919434
12.03199959	3.29919434
12.03199959	3.29919434
12.03199959	3.29919434
12.03199959	3.29919434
12.03199959	3.29919434
12.03199959	3.29919434
12.03199959	3.29919434
12.03199959	3.29919434
12.03199959	3.29919434
12.03199959	3.29919434
12.03199959	3.29919434
12.03199959	3.29919434
12.03199959	3.29919434
12.03199959	3.29919434
12.03199959	3.29919434
12.03199959	3.29919434
12.03199959	3.2991912.10499954	3.29919434
12.10499954	3.29919434
12.10499954	3.29919434
12.10499954	3.29919434
12.10499954	3.29919434
12.10499954	3.29919434
12.10499954	3.29919434
12.10499954	3.29919434
12.10499954	3.29919434
12.10499954	3.29919434
12.10499954	3.29919434
12.10499954	3.29919434
12.10599995	3.29919434
12.10599995	3.29919434
12.10599995	3.29919434
12.10599995	3.29919434
12.10599995	3.29919434
12.10599995	3.29919434
12.10599995	3.29919434
12.10599995	3.29919434
12.10599995	3.2991912.17899990	3.29919434
12.17899990	3.29919434
12.17899990	3.29919434
12.17899990	3.29919434
12.17899990	3.29919434
12.17899990	3.29919434
12.17899990	3.29919434
12.17899990	3.29919434
12.17899990	3.29919434
12.17899990	3.29919434
12.17899990	3.29919434
12.17899990	3.29919434
12.17899990	3.29919434
12.17899990	3.29919434
12.17899990	3.29919434
12.17899990	3.29919434
12.17899990	3.29919434
12.17899990	3.29919434
12.17899990	3.29919434
12.17899990	3.29919434
12.17899990	3.2991912.25199986	3.29919434
12.25199986	3.29919434
12.25199986	3.29919434
12.25199986	3.29919434
12.25199986	3.29919434
12.25199986	3.29919434
12.25199986	3.29919434
12.25199986	3.29919434
12.25199986	3.29919434
12.25199986	3.29919434
12.25300026	3.29919434
12.25300026	3.29919434
12.25300026	3.29919434
12.25300026	3.29919434
12.25300026	3.29919434
12.25300026	3.29919434
12.25300026	3.29919434
12.25300026	3.29919434
12.25300026	3.29919434
12.25300026	3.29919434
12.25300026	3.2991912.32600021	3.29919434
12.32600021	3.29919434
12.32600021	3.29919434
12.32600021	3.29919434
12.32600021	3.29919434
12.32600021	3.29919434
12.32600021	3.29919434
12.32600021	3.29919434
12.32600021	3.29919434
12.32600021	3.29919434
12.32600021	3.29919434
12.32600021	3.29919434
12.32600021	3.29919434
12.32600021	3.29919434
12.32600021	3.29919434
12.32600021	3.29919434
12.32600021	3.29919434
12.32600021	3.29919434
12.32600021	3.29919434
12.32600021	3.29919434
12.32600021	3.2991912.39900017	3.29919434
12.39900017	3.29919434
12.39900017	3.29919434
12.39900017	3.29919434
12.39900017	3.29919434
12.39900017	3.29919434
12.39900017	3.29919434
12.39900017	3.29919434
12.39900017	3.29919434
12.39900017	3.29919434
12.39900017	3.29919434
12.39900017	3.29919434
12.39900017	3.29919434
12.39900017	3.29919434
12.39999962	3.29919434
12.39999962	3.29919434
12.39999962	3.29919434
12.39999962	3.29919434
12.39999962	3.29919434
12.39999962	3.29919434
12.39999962	3.2991912.47200012	3.29919434
12.47200012	3.29919434
12.47200012	3.29919434
12.47200012	3.29919434
12.47200012	3.29919434
12.47200012	3.29919434
12.47299957	3.29919434
12.47299957	3.29919434
12.47299957	3.29919434
12.47299957	3.29919434
12.47299957	3.29919434
12.47299957	3.29919434
12.47299957	3.29919434
12.47299957	3.29919434
12.47299957	3.29919434
12.47299957	3.29919434
12.47299957	3.29919434
12.47299957	3.29919434
12.47299957	3.29919434
12.47299957	3.29919434
12.47299957	3.2991912.54599953	3.29919434
12.54599953	3.29919434
12.54599953	3.29919434
12.54599953	3.29919434
12.54599953	3.29919434
12.54599953	3.29919434
12.54599953	3.29919434
12.54599953	3.29919434
12.54599953	3.29919434
12.54599953	3.29919434
12.54599953	3.29919434
12.54599953	3.29919434
12.54599953	3.29919434
12.54599953	3.29919434
12.54599953	3.29919434
12.54599953	3.29919434
12.54599953	3.29919434
12.54599953	3.29919434
12.54699993	3.29919434
12.54699993	3.29919434
12.54699993	3.2991912.61900043	3.29919434
12.61999989	3.29919434
12.61999989	3.29919434
12.61999989	3.29919434
12.61999989	3.29919434
12.61999989	3.29919434
12.61999989	3.29919434
12.61999989	3.29919434
12.61999989	3.29919434
12.61999989	3.29919434
12.61999989	3.29919434
12.61999989	3.29919434
12.61999989	3.29919434
12.61999989	3.29919434
12.61999989	3.29919434
12.61999989	3.29919434
12.61999989	3.29919434
12.61999989	3.29919434
12.61999989	3.29919434
12.61999989	3.29919434
12.61999989	3.2991912.69299984	3.29919434
12.69299984	3.29919434
12.69299984	3.29919434
12.69299984	3.29919434
12.69299984	3.29919434
12.69299984	3.29919434
12.69299984	3.29919434
12.69299984	3.29919434
12.69299984	3.29919434
12.69299984	3.29919434
12.69299984	3.29919434
12.69299984	3.29919434
12.69299984	3.29919434
12.6929912.69299984	3.29919434
12.69299984	3.29919434
12.69299984	3.29984	3.29919434
12.69299984	3.29919434
12.69299984	3.29919434
919434
12.69299984	3.29919434
12.69299984	3.2991912.76599979	3.29919434
12.76599979	3.29919434
12.76599979	3.29919434
12.76599979	3.29919434
12.76599979	3.29919434
12.76599979	3.29919434
12.76599979	3.29919434
12.76599979	3.29919434
12.76599979	3.29919434
12.76599979	3.29919434
12.76599979	3.29919434
12.76700020	3.29919434
12.76700020	3.29919434
12.76700020	3.29919434
12.76700020	3.29919434
12.76700020	3.29919434
12.76700020	3.29919434
12.76700020	3.29919434
12.76700020	3.29919434
12.76700020	3.29919434
12.76700020	3.2991912.84000015	3.29919434
12.84000015	3.29919434
12.84000015	3.29919434
12.84000015	3.29919434
12.84000015	3.29919434
12.84000015	3.29919434
12.84000015	3.29919434
12.84000015	3.29919434
12.84000015	3.29919434
12.84000015	3.29919434
12.84000015	3.29919434
12.84000015	3.29919434
12.84000015	3.29919434
12.84000015	3.29919434
12.84000015	3.29919434
12.84000015	3.29919434
12.84000015	3.29919434
12.84000015	3.29919434
12.84000015	3.29919434
12.84000015	3.29919434
12.84000015	3.2991912.91300011	3.29919434
12.91300011	3.29919434
12.91300011	3.29919434
12.91300011	3.29919434
12.91300011	3.29919434
12.91300011	3.29919434
12.91300011	3.29919434
12.91300011	3.29919434
12.91300011	3.29919434
12.91300011	3.29919434
12.91300011	3.29919434
12.91300011	3.29919434
12.91300011	3.29919434
12.91300011	3.29919434
12.91300011	3.29919434
12.91399956	3.29919434
12.91399956	3.29919434
12.91399956	3.29919434
12.91399956	3.29919434
12.91399956	3.29919434
12.91399956	3.2991912.98600006	3.29919434
12.98600006	3.29919434
12.98600006	3.29919434
12.98600006	3.29919434
12.98600006	3.29919434
12.98600006	3.29919434
12.98600006	3.29919434
12.98700047	3.29919434
12.98700047	3.29919434
12.98700047	3.29919434
12.98700047	3.29919434
12.98700047	3.29919434
12.98700047	3.29919434
12.98700047	3.29919434
12.98700047	3.29919434
12.98700047	3.29919434
12.98700047	3.29919434
12.98700047	3.29919434
12.98700047	3.29919434
12.98700047	3.29919434
12.98700047	3.2991913.05900002	3.29919434
13.05900002	3.29919434
13.05900002	3.29919434
13.05900002	3.29919434
13.05900002	3.29919434
13.05900002	3.29919434
13.06000042	3.29919434
13.06000042	3.29919434
13.06000042	3.29919434
13.06000042	3.29919434
13.06000042	3.29919434
13.06000042	3.29919434
13.06000042	3.29919434
13.06000042	3.29919434
13.06000042	3.29919434
13.06000042	3.29919434
13.06000042	3.29919434
13.06000042	3.29919434
13.06000042	3.29919434
13.06000042	3.29919434
13.06000042	3.2991913.13199997	3.29919434
13.13199997	3.29919434
13.13199997	3.29919434
13.13199997	3.29919434
13.13199997	3.29919434
13.13199997	3.29919434
13.13199997	3.29919434
13.13300037	3.29919434
13.13300037	3.29919434
13.13300037	3.29919434
13.13300037	3.29919434
13.13300037	3.29919434
13.13300037	3.29919434
13.13300037	3.29919434
13.13300037	3.29919434
13.13300037	3.29919434
13.13300037	3.29919434
13.13300037	3.29919434
13.13300037	3.29919434
13.13300037	3.29919434
13.13300037	3.2991913.20600033	3.29919434
13.20600033	3.29919434
13.20600033	3.29919434
13.20600033	3.29919434
13.20600033	3.29919434
13.20600033	3.29919434
13.20600033	3.29919434
13.20600033	3.29919434
13.20600033	3.29919434
13.20600033	3.29919434
13.20600033	3.29919434
13.20600033	3.29919434
13.20600033	3.29919434
13.20600033	3.29919434
13.20600033	3.29919434
13.20600033	3.29919434
13.20600033	3.29919434
13.20600033	3.29919434
13.20600033	3.29919434
13.20600033	3.29919434
13.20600033	3.2991913.27900028	3.29919434
13.27900028	3.29919434
13.27900028	3.29919434
13.27900028	3.29919434
13.27900028	3.29919434
13.27900028	3.29919434
13.27900028	3.29919434
13.27900028	3.29919434
13.27900028	3.29919434
13.27900028	3.29919434
13.27900028	3.29919434
13.27900028	3.29919434
13.27900028	3.29919434
13.27900028	3.29919434
13.27900028	3.29919434
13.27900028	3.29919434
13.27900028	3.29919434
13.27900028	3.29919434
13.27900028	3.29919434
13.27999973	3.29919434
13.27999973	3.2991913.35200024	3.29919434
13.35200024	3.29919434
13.35200024	3.29919434
13.35200024	3.29919434
13.35200024	3.29919434
13.35299969	3.29919434
13.35299969	3.29919434
13.35299969	3.29919434
13.35299969	3.29919434
13.35299969	3.29919434
13.35299969	3.29919434
13.35299969	3.29919434
13.35299969	3.29919434
13.35299969	3.29919434
13.35299969	3.29919434
13.35299969	3.29919434
13.35299969	3.29919434
13.35299969	3.29919434
13.35299969	3.29919434
13.35299969	3.29919434
13.35299969	3.2991913.42599964	3.29919434
13.42599964	3.29919434
13.42599964	3.29919434
13.42599964	3.29919434
13.42599964	3.29919434
13.42599964	3.29919434
13.42599964	3.29919434
13.42599964	3.29919434
13.42599964	3.29919434
13.42599964	3.29919434
13.42599964	3.29919434
13.42599964	3.29919434
13.42599964	3.29919434
13.42599964	3.29919434
13.42599964	3.29919434
13.42599964	3.29919434
13.42599964	3.29919434
13.42599964	3.29919434
13.42599964	3.29919434
13.42599964	3.29919434
13.42599964	3.2991913.49899960	3.29919434
13.49899960	3.29919434
13.49899960	3.29919434
13.49899960	3.29919434
13.50000000	3.29919434
13.50000000	3.29919434
13.50000000	3.29919434
13.50000000	3.29919434
13.50000000	3.29919434
13.50000000	3.29919434
13.50000000	3.29919434
13.50000000	3.29919434
13.50000000	3.29919434
13.50000000	3.29919434
13.50000000	3.29919434
13.50000000	3.29919434
13.50000000	3.29919434
13.50000000	3.29919434
13.50000000	3.29919434
13.50000000	3.29919434
13.50000000	3.2991913.57199955	3.29919434
13.57199955	3.29919434
13.57199955	3.29919434
13.57199955	3.29919434
13.57199955	3.29919434
13.57199955	3.29919434
13.57199955	3.29919434
13.57299995	3.29919434
13.57299995	3.29919434
13.57299995	3.29919434
13.57299995	3.29919434
13.57299995	3.29919434
13.57299995	3.29919434
13.57299995	3.29919434
13.57299995	3.29919434
13.57299995	3.29919434
13.57299995	3.29919434
13.57299995	3.29919434
13.57299995	3.29919434
13.57299995	3.29919434
13.57299995	3.2991913.64599991	3.29919434
13.64599991	3.29919434
13.64599991	3.29919434
13.64599991	3.29919434
13.64599991	3.29919434
13.64599991	3.29919434
13.64599991	3.29919434
13.64599991	3.29919434
13.64599991	3.29919434
13.64599991	3.29919434
13.64599991	3.29919434
13.64599991	3.29919434
13.64599991	3.29919434
13.64599991	3.29919434
13.64599991	3.29919434
13.64599991	3.29919434
13.64599991	3.29919434
13.64700031	3.29919434
13.64700031	3.29919434
13.64700031	3.29919434
13.64700031	3.2991913.71899986	3.29919434
13.71899986	3.29919434
13.71899986	3.29919434
13.71899986	3.29919434
13.72000027	3.29919434
13.72000027	3.29919434
13.72000027	3.29919434
13.72000027	3.29919434
13.72000027	3.29919434
13.72000027	3.29919434
13.72000027	3.29919434
13.72000027	3.29919434
13.72000027	3.29919434
13.72000027	3.29919434
13.72000027	3.29919434
13.72000027	3.29919434
13.72000027	3.29919434
13.72000027	3.29919434
13.72000027	3.29919434
13.72000027	3.29919434
13.72000027	3.2991913.79300022	3.29919434
13.79300022	3.29919434
13.79300022	3.29919434
13.79300022	3.29919434
13.79300022	3.29919434
13.79300022	3.29919434
13.79300022	3.29919434
13.79300022	3.29919434
13.79300022	3.29919434
13.79300022	3.29919434
13.79300022	3.29919434
13.79300022	3.29919434
13.79300022	3.29919434
13.79300022	3.29919434
13.79300022	3.29919434
13.79300022	3.29919434
13.79300022	3.29919434
13.79300022	3.29919434
13.79300022	3.29919434
13.79300022	3.29919434
13.79300022	3.2991913.86600018	3.29919434
13.86600018	3.29919434
13.86600018	3.29919434
13.86600018	3.29919434
13.86600018	3.29919434
13.86600018	3.29919434
13.86600018	3.29919434
13.86600018	3.29919434
13.86600018	3.29919434
13.86600018	3.29919434
13.86699963	3.29919434
13.86699963	3.29919434
13.86699963	3.29919434
13.86699963	3.29919434
13.86699963	3.29919434
13.86699963	3.29919434
13.86699963	3.29919434
13.86699963	3.29919434
13.86699963	3.29919434
13.86699963	3.29919434
13.86699963	3.2991913.93900013	3.29919434
13.93900013	3.29919434
13.93900013	3.29919434
13.93900013	3.29919434
13.93900013	3.29919434
13.93900013	3.29919434
13.93900013	3.29919434
13.93900013	3.29919434
13.93999958	3.29919434
13.93999958	3.29919434
13.93999958	3.29919434
13.93999958	3.29919434
13.93999958	3.29919434
13.93999958	3.29919434
13.93999958	3.29919434
13.93999958	3.29919434
13.93999958	3.29919434
13.93999958	3.29919434
13.93999958	3.29919434
13.93999958	3.29919434
13.93999958	3.2991914.01299953	3.29919434
14.01299953	3.29919434
14.01299953	3.29919434
14.01299953	3.29919434
14.01299953	3.29919434
14.01299953	3.29919434
14.01299953	3.29919434
14.01299953	3.29919434
14.01299953	3.29919434
14.01299953	3.29919434
14.01299953	3.29919434
14.01299953	3.29919434
14.01299953	3.29919434
14.01299953	3.29919434
14.01299953	3.29919434
14.01299953	3.29919434
14.01299953	3.29919434
14.01299953	3.29919434
14.01299953	3.29919434
14.01299953	3.29919434
14.01299953	3.2991914.08600044	3.29919434
14.08600044	3.29919434
14.08600044	3.29919434
14.08600044	3.29919434
14.08600044	3.29919434
14.08600044	3.29919434
14.08600044	3.29919434
14.08600044	3.29919434
14.08600044	3.29919434
14.08699989	3.29919434
14.08699989	3.29919434
14.08699989	3.29919434
14.08699989	3.29919434
14.08699989	3.29919434
14.08699989	3.29919434
14.08699989	3.29919434
14.08699989	3.29919434
14.08699989	3.29919434
14.08699989	3.29919434
14.08699989	3.29919434
14.08699989	3.2991914.15999985	3.29919434
14.15999985	3.29919434
14.15999985	3.29919434
14.15999985	3.29919434
14.15999985	3.29919434
14.15999985	3.29919434
14.15999985	3.29919434
14.15999985	3.29919434
14.15999985	3.29919434
14.15999985	3.29919434
14.15999985	3.29919434
14.15999985	3.29919434
14.15999985	3.29919434
14.15999985	3.29919434
14.15999985	3.29919434
14.15999985	3.29919434
14.15999985	3.29919434
14.15999985	3.29919434
14.15999985	3.29919434
14.15999985	3.29919434
14.15999985	3.2991914.23299980	3.29919434
14.23299980	3.29919434
14.23299980	3.29919434
14.23299980	3.29919434
14.23299980	3.29919434
14.23299980	3.29919434
14.23299980	3.29919434
14.23299980	3.29919434
14.23299980	3.29919434
14.23400021	3.29919434
14.23400021	3.29919434
14.23400021	3.29919434
14.23400021	3.29919434
14.23400021	3.29919434
14.23400021	3.29919434
14.23400021	3.29919434
14.23400021	3.29919434
14.23400021	3.29919434
14.23400021	3.29919434
14.23400021	3.29919434
14.23400021	3.2991914.30700016	3.29919434
14.30700016	3.29919434
14.30700016	3.29919434
14.30700016	3.29919434
14.30700016	3.29919434
14.30700016	3.29919434
14.30700016	3.29919434
14.30700016	3.29919434
14.30700016	3.29919434
14.30700016	3.29919434
14.30700016	3.29919434
14.30700016	3.29919434
14.30700016	3.29919434
14.30700016	3.29919434
14.30700016	3.29919434
14.30700016	3.29919434
14.30700016	3.29919434
14.30700016	3.29919434
14.30700016	3.29919434
14.30700016	3.29919434
14.30700016	3.2991914.38000011	3.29919434
14.38000011	3.29919434
14.38000011	3.29919434
14.38000011	3.29919434
14.38000011	3.29919434
14.38000011	3.29919434
14.38000011	3.29919434
14.38000011	3.29919434
14.38000011	3.29919434
14.38000011	3.29919434
14.38000011	3.29919434
14.38000011	3.29919434
14.38000011	3.29919434
14.38000011	3.29919434
14.38000011	3.29919434
14.38000011	3.29919434
14.38000011	3.29919434
14.38000011	3.29919434
14.38000011	3.29919434
14.38099957	3.29919434
14.38099957	3.2991914.45300007	3.29919434
14.45300007	3.29919434
14.45300007	3.29919434
14.45300007	3.29919434
14.45300007	3.29919434
14.45300007	3.29919434
14.45400047	3.29919434
14.45400047	3.29919434
14.45400047	3.29919434
14.45400047	3.29919434
14.45400047	3.29919434
14.45400047	3.29919434
14.45400047	3.29919434
14.45400047	3.29919434
14.45400047	3.29919434
14.45400047	3.29919434
14.45400047	3.29919434
14.45400047	3.29919434
14.45400047	3.29919434
14.45400047	3.29919434
14.45400047	3.2991914.52700043	3.29919434
14.52700043	3.29919434
14.52700043	3.29919434
14.52700043	3.29919434
14.52700043	3.29919434
14.52700043	3.29919434
14.52700043	3.29919434
14.52700043	3.29919434
14.52700043	3.29919434
14.52700043	3.29919434
14.52700043	3.29919434
14.52700043	3.29919434
14.52700043	3.29919434
14.52700043	3.29919434
14.52700043	3.29919434
14.52700043	3.29919434
14.52700043	3.29919434
14.52700043	3.29919434
14.52700043	3.29919434
14.52700043	3.29919434
14.52700043	3.2991914.60000038	3.29919434
14.60000038	3.29919434
14.60000038	3.29919434
14.60000038	3.29919434
14.60000038	3.29919434
14.60000038	3.29919434
14.60000038	3.29919434
14.60000038	3.29919434
14.60000038	3.29919434
14.60000038	3.29919434
14.60000038	3.29919434
14.60000038	3.29919434
14.60000038	3.29919434
14.60000038	3.29919434
14.60099983	3.29919434
14.60099983	3.29919434
14.60099983	3.29919434
14.60099983	3.29919434
14.60099983	3.29919434
14.60099983	3.29919434
14.60099983	3.2991914.67300034	3.29919434
14.67300034	3.29919434
14.67300034	3.29919434
14.67300034	3.29919434
14.67300034	3.29919434
14.67399979	3.29919434
14.67399979	3.29919434
14.67399979	3.29919434
14.67399979	3.29919434
14.67399979	3.29919434
14.67399979	3.29919434
14.67399979	3.29919434
14.67399979	3.29919434
14.67399979	3.29919434
14.67399979	3.29919434
14.67399979	3.29919434
14.67399979	3.29919434
14.67399979	3.29919434
14.67399979	3.29919434
14.67399979	3.29919434
14.67399979	3.2991914.74699974	3.29919434
14.74699974	3.29919434
14.74699974	3.29919434
14.74699974	3.29919434
14.74699974	3.29919434
14.74699974	3.29919434
14.74699974	3.29919434
14.74699974	3.29919434
14.74699974	3.29919434
14.74699974	3.29919434
14.74699974	3.29919434
14.74699974	3.29919434
14.74699974	3.29919434
14.74699974	3.29919434
14.74699974	3.29919434
14.74699974	3.29919434
14.74699974	3.29919434
14.74699974	3.29919434
14.74699974	3.29919434
14.74699974	3.29919434
14.74699974	3.2991914.81999969	3.29919434
14.81999969	3.29919434
14.81999969	3.29919434
14.81999969	3.29919434
14.81999969	3.29919434
14.81999969	3.29919434
14.81999969	3.29919434
14.81999969	3.29919434
14.81999969	3.29919434
14.81999969	3.29919434
14.81999969	3.29919434
14.81999969	3.29919434
14.81999969	3.29919434
14.81999969	3.29919434
14.82100010	3.29919434
14.82100010	3.29919434
14.82100010	3.29919434
14.82100010	3.29919434
14.82100010	3.29919434
14.82100010	3.29919434
14.82100010	3.2991914.89400005	3.29919434
14.89400005	3.29919434
14.89400005	3.29919434
14.89400005	3.29919434
14.89400005	3.29919434
14.89400005	3.29919434
14.89400005	3.29919434
14.89400005	3.29919434
14.89400005	3.29919434
14.89400005	3.29919434
14.89400005	3.29919434
14.89400005	3.29919434
14.89400005	3.29919434
14.89400005	3.29919434
14.89400005	3.29919434
14.89400005	3.29919434
14.89400005	3.29919434
14.89400005	3.29919434
14.89400005	3.29919434
14.89400005	3.29919434
14.89400005	3.2991914.96700001	3.29919434
14.96700001	3.29919434
14.96700001	3.29919434
14.96700001	3.29919434
14.96700001	3.29919434
14.96700001	3.29919434
14.96700001	3.29919434
14.96700001	3.29919434
14.96700001	3.29919434
14.96700001	3.29919434
14.96700001	3.29919434
14.96700001	3.29919434
14.96700001	3.29919434
14.96700001	3.29919434
14.96700001	3.29919434
14.96700001	3.29919434
14.96700001	3.29919434
14.96800041	3.29919434
14.96800041	3.29919434
14.96800041	3.29919434
14.96800041	3.2991915.03999996	3.29919434
15.03999996	3.29919434
15.03999996	3.29919434
15.03999996	3.29919434
15.03999996	3.29919434
15.03999996	3.29919434
15.03999996	3.29919434
15.03999996	3.29919434
15.03999996	3.29919434
15.04100037	3.29919434
15.04100037	3.29919434
15.04100037	3.29919434
15.04100037	3.29919434
15.04100037	3.29919434
15.04100037	3.29919434
15.04100037	3.29919434
15.04100037	3.29919434
15.04100037	3.29919434
15.04100037	3.29919434
15.04100037	3.29919434
15.04100037	3.2991915.11400032	3.29919434
15.11400032	3.29919434
15.11400032	3.29919434
15.11400032	3.29919434
15.11400032	3.29919434
15.11400032	3.29919434
15.11400032	3.29919434
15.11400032	3.29919434
15.11400032	3.29919434
15.11400032	3.29919434
15.11400032	3.29919434
15.11400032	3.29919434
15.11400032	3.29919434
15.1140015.11400032	3.29919434
15.11400032	3.29919434
15.11400032	3.29919434
15.11400032	3.29919434
15.11400032	3.29919032	3.29919434
15.11400032	3.29919434
15.11400032	3.29919434
15.18700027	3.29919434
15.18700027	3.29919434
15.18700027	3.29919434
15.18700027	3.29919434
15.18700027	3.29919434
15.18700027	3.29919434
15.18700027	3.29919434
15.18700027	3.29919434
15.18700027	3.29919434
15.18700027	3.29919434
15.18700027	3.29919434
15.18700027	3.29919434
15.18700027	3.29919434
15.18700027	3.29919434
15.18700027	3.29919434
15.18700027	3.29919434
15.18700027	3.29919434
15.18700027	3.29919434
15.18700027	3.29919434
15.18700027	3.29919434
15.18700027	3.2991915.26000023	3.29919434
15.26000023	3.29919434
15.26000023	3.29919434
15.26000023	3.29919434
15.26000023	3.29919434
15.26000023	3.29919434
15.26000023	3.29919434
15.26000023	3.29919434
15.26000023	3.29919434
15.26000023	3.29919434
15.26000023	3.29919434
15.26099968	3.29919434
15.26099968	3.29919434
15.26099968	3.29919434
15.26099968	3.29919434
15.26099968	3.29919434
15.26099968	3.29919434
15.26099968	3.29919434
15.26099968	3.29919434
15.26099968	3.29919434
15.26099968	3.2991915.33300018	3.29919434
15.33300018	3.29919434
15.33399963	3.29919434
15.33399963	3.29919434
15.33399963	3.29919434
15.33399963	3.29919434
15.33399963	3.29919434
15.33399963	3.29919434
15.33399963	3.29919434
15.33399963	3.29919434
15.33399963	3.29919434
15.33399963	3.29919434
15.33399963	3.29919434
15.33399963	3.29919434
15.33399963	3.29919434
15.33399963	3.29919434
15.33399963	3.29919434
15.33399963	3.29919434
15.33399963	3.29919434
15.33399963	3.29919434
15.33399963	3.2991915.40699959	3.29919434
15.40699959	3.29919434
15.40699959	3.29919434
15.40699959	3.29919434
15.40699959	3.29919434
15.40699959	3.29919434
15.40699959	3.29919434
15.40699959	3.29919434
15.40699959	3.29919434
15.40699959	3.29919434
15.40699959	3.29919434
15.40799999	3.29919434
15.40799999	3.29919434
15.40799999	3.29919434
15.40799999	3.29919434
15.40799999	3.29919434
15.40799999	3.29919434
15.40799999	3.29919434
15.40799999	3.29919434
15.40799999	3.29919434
15.40799999	3.2991915.48099995	3.29919434
15.48099995	3.29919434
15.48099995	3.29919434
15.48099995	3.29919434
15.48099995	3.29919434
15.48099995	3.29919434
15.48099995	3.29919434
15.48099995	3.29919434
15.48099995	3.29919434
15.48099995	3.29919434
15.48099995	3.29919434
15.48099995	3.29919434
15.48099995	3.29919434
15.48099995	3.29919434
15.48099995	3.29919434
15.48099995	3.29919434
15.48099995	3.29919434
15.48099995	3.29919434
15.48099995	3.29919434
15.48099995	3.29919434
15.48099995	3.2991915.55399990	3.29919434
15.55399990	3.29919434
15.55399990	3.29919434
15.55399990	3.29919434
15.55399990	3.29919434
15.55399990	3.29919434
15.55399990	3.29919434
15.55399990	3.29919434
15.55399990	3.29919434
15.55399990	3.29919434
15.55399990	3.29919434
15.55399990	3.29919434
15.55399990	3.29919434
15.55399990	3.29919434
15.55399990	3.29919434
15.55399990	3.29919434
15.55399990	3.29919434
15.55500031	3.29919434
15.55500031	3.29919434
15.55500031	3.29919434
15.55500031	3.2991915.62699986	3.29919434
15.62699986	3.29919434
15.62699986	3.29919434
15.62699986	3.29919434
15.62800026	3.29919434
15.62800026	3.29919434
15.62800026	3.29919434
15.62800026	3.29919434
15.62800026	3.29919434
15.62800026	3.29919434
15.62800026	3.29919434
15.62800026	3.29919434
15.62800026	3.29919434
15.62800026	3.29919434
15.62800026	3.29919434
15.62800026	3.29919434
15.62800026	3.29919434
15.62800026	3.29919434
15.62800026	3.29919434
15.62800026	3.29919434
15.62800026	3.2991915.70100021	3.29919434
15.70100021	3.29919434
15.70100021	3.29919434
15.70100021	3.29919434
15.70100021	3.29919434
15.70100021	3.29919434
15.70100021	3.29919434
15.70100021	3.29919434
15.70100021	3.29919434
15.70100021	3.29919434
15.70100021	3.29919434
15.70100021	3.29919434
15.70100021	3.29919434
15.70100021	3.29919434
15.70100021	3.29919434
15.70100021	3.29919434
15.70100021	3.29919434
15.70100021	3.29919434
15.70100021	3.29919434
15.70100021	3.29919434
15.70100021	3.2991915.77400017	3.29919434
15.77400017	3.29919434
15.77400017	3.29919434
15.77400017	3.29919434
15.77400017	3.29919434
15.77400017	3.29919434
15.77400017	3.29919434
15.77400017	3.29919434
15.77400017	3.29919434
15.77400017	3.29919434
15.77400017	3.29919434
15.77400017	3.29919434
15.77400017	3.29919434
15.77400017	3.29919434
15.77499962	3.29919434
15.77499962	3.29919434
15.77499962	3.29919434
15.77499962	3.29919434
15.77499962	3.29919434
15.77499962	3.29919434
15.77499962	3.2991915.84700012	3.29919434
15.84700012	3.29919434
15.84700012	3.29919434
15.84700012	3.29919434
15.84799957	3.29919434
15.84799957	3.29919434
15.84799957	3.29919434
15.84799957	3.29919434
15.84799957	3.29919434
15.84799957	3.29919434
15.84799957	3.29919434
15.84799957	3.29919434
15.84799957	3.29919434
15.84799957	3.29919434
15.84799957	3.29919434
15.84799957	3.29919434
15.84799957	3.29919434
15.84799957	3.29919434
15.84799957	3.29919434
15.84799957	3.29919434
15.84799957	3.2991915.92099953	3.29919434
15.92099953	3.29919434
15.92099953	3.29919434
15.92099953	3.29919434
15.92099953	3.29919434
15.92099953	3.29919434
15.92099953	3.29919434
15.92099953	3.29919434
15.92099953	3.29919434
15.92099953	3.29919434
15.92099953	3.29919434
15.92099953	3.29919434
15.92099953	3.29919434
15.92099953	3.29919434
15.92099953	3.29919434
15.92099953	3.29919434
15.92199993	3.29919434
15.92199993	3.29919434
15.92199993	3.29919434
15.92199993	3.29919434
15.92199993	3.2991915.99499989	3.29919434
15.99499989	3.29919434
15.99499989	3.29919434
15.99499989	3.29919434
15.99499989	3.29919434
15.99499989	3.29919434
15.99499989	3.29919434
15.99499989	3.29919434
15.99499989	3.29919434
15.99499989	3.29919434
15.99499989	3.29919434
15.99499989	3.29919434
15.99499989	3.29919434
15.99499989	3.29919434
15.99499989	3.29919434
15.99499989	3.29919434
15.99499989	3.29919434
15.99499989	3.29919434
15.99499989	3.29919434
15.99499989	3.29919434
15.99499989	3.2991916.06800079	3.29919434
16.06800079	3.29919434
16.06800079	3.29919434
16.06800079	3.29919434
16.06800079	3.29919434
16.06800079	3.29919434
16.06800079	3.29919434
16.06800079	3.29919434
16.06800079	3.29919434
16.06800079	3.29919434
16.06800079	3.29919434
16.06800079	3.29919434
16.06800079	3.29919434
16.06800079	3.29919434
16.06800079	3.29919434
16.06800079	3.29919434
16.06800079	3.29919434
16.06800079	3.29919434
16.06800079	3.29919434
16.06800079	3.29919434
16.06800079	3.2991916.14100075	3.29919434
16.14100075	3.29919434
16.14100075	3.29919434
16.14100075	3.29919434
16.14100075	3.29919434
16.14100075	3.29919434
16.14100075	3.29919434
16.14100075	3.29919434
16.14100075	3.29919434
16.14100075	3.29919434
16.14100075	3.29919434
16.14100075	3.29919434
16.14100075	3.29919434
16.14100075	3.29919434
16.14100075	3.29919434
16.14100075	3.29919434
16.14100075	3.29919434
16.14100075	3.29919434
16.14100075	3.29919434
16.14100075	3.29919434
16.14200020	3.2991916.21400070	3.29919434
16.21400070	3.29919434
16.21400070	3.29919434
16.21400070	3.29919434
16.21400070	3.29919434
16.21400070	3.29919434
16.21400070	3.29919434
16.21400070	3.29919434
16.21400070	3.29919434
16.21400070	3.29919434
16.21400070	3.29919434
16.21500015	3.29919434
16.21500015	3.29919434
16.21500015	3.29919434
16.21500015	3.29919434
16.21500015	3.29919434
16.21500015	3.29919434
16.21500015	3.29919434
16.21500015	3.29919434
16.21500015	3.29919434
16.21500015	3.2991916.28800011	3.29919434
16.28800011	3.29919434
16.28800011	3.29919434
16.28800011	3.29919434
16.28800011	3.29919434
16.28800011	3.29919434
16.28800011	3.29919434
16.28800011	3.29919434
16.28800011	3.29919434
16.28800011	3.29919434
16.28800011	3.29919434
16.28800011	3.29919434
16.28800011	3.29919434
16.28800011	3.29919434
16.28800011	3.29919434
16.28800011	3.29919434
16.28800011	3.29919434
16.28800011	3.29919434
16.28800011	3.29919434
16.28800011	3.29919434
16.28800011	3.2991916.36100006	3.29919434
16.36100006	3.29919434
16.36100006	3.29919434
16.36100006	3.29919434
16.36100006	3.29919434
16.36100006	3.29919434
16.36100006	3.29919434
16.36100006	3.29919434
16.36100006	3.29919434
16.36100006	3.29919434
16.36100006	3.29919434
16.36100006	3.29919434
16.36100006	3.29919434
16.36100006	3.29919434
16.36100006	3.29919434
16.36100006	3.29919434
16.36100006	3.29919434
16.36100006	3.29919434
16.36100006	3.29919434
16.36199951	3.29919434
16.36199951	3.2991916.43400002	3.29919434
16.43400002	3.29919434
16.43400002	3.29919434
16.43400002	3.29919434
16.43400002	3.29919434
16.43400002	3.29919434
16.43400002	3.29919434
16.43400002	3.29919434
16.43400002	3.29919434
16.43400002	3.29919434
16.43400002	3.29919434
16.43400002	3.29919434
16.43400002	3.29919434
16.43400002	3.29919434
16.43400002	3.29919434
16.43400002	3.29919434
16.43499947	3.29919434
16.43499947	3.29919434
16.43499947	3.29919434
16.43499947	3.29919434
16.43499947	3.2991916.50699997	3.29919434
16.50699997	3.29919434
16.50699997	3.29919434
16.50699997	3.29919434
16.50699997	3.29919434
16.50699997	3.29919434
16.50799942	3.29919434
16.50799942	3.29919434
16.50799942	3.29919434
16.50799942	3.29919434
16.50799942	3.29919434
16.50799942	3.29919434
16.50799942	3.29919434
16.50799942	3.29919434
16.50799942	3.29919434
16.50799942	3.29919434
16.50799942	3.29919434
16.50799942	3.29919434
16.50799942	3.29919434
16.50799942	3.29919434
16.50799942	3.2991916.58099937	3.29919434
16.58099937	3.29919434
16.58099937	3.29919434
16.58099937	3.29919434
16.58099937	3.29919434
16.58099937	3.29919434
16.58099937	3.29919434
16.58099937	3.29919434
16.58099937	3.29919434
16.58099937	3.29919434
16.58099937	3.29919434
16.58099937	3.29919434
16.58099937	3.29919434
16.58099937	3.29919434
16.58099937	3.29919434
16.58099937	3.29919434
16.58099937	3.29919434
16.58099937	3.29919434
16.58099937	3.29919434
16.58099937	3.29919434
16.58099937	3.2991916.65500069	3.29919434
16.65500069	3.29919434
16.65500069	3.29919434
16.65500069	3.29919434
16.65500069	3.29919434
16.65500069	3.29919434
16.65500069	3.29919434
16.65500069	3.29919434
16.65500069	3.29919434
16.65500069	3.29919434
16.65500069	3.29919434
16.65500069	3.29919434
16.65500069	3.29919434
16.65500069	3.29919434
16.65500069	3.29919434
16.65500069	3.29919434
16.65500069	3.29919434
16.65500069	3.29919434
16.65500069	3.29919434
16.65500069	3.29919434
16.65500069	3.2991916.72800064	3.29919434
16.72800064	3.29919434
16.72800064	3.29919434
16.72800064	3.29919434
16.72800064	3.29919434
16.72800064	3.29919434
16.72800064	3.29919434
16.72800064	3.29919434
16.72800064	3.29919434
16.72800064	3.29919434
16.72800064	3.29919434
16.72800064	3.29919434
16.72800064	3.29919434
16.72800064	3.29919434
16.72800064	3.29919434
16.72800064	3.29919434
16.72800064	3.29919434
16.72800064	3.29919434
16.72800064	3.29919434
16.72800064	3.29919434
16.72800064	3.2991916.80100060	3.29919434
16.80100060	3.29919434
16.80100060	3.29919434
16.80100060	3.29919434
16.80100060	3.29919434
16.8010016.80100060	3.29919434
16.80100060	3.29919434
16.80100060	3.29060	3.29919434
16.80100060	3.29919434
16.80100060	3.29919434
919434
16.80200005	3.29919434
16.80200005	3.29919434
16.80200005	3.29919434
16.80200005	3.29919434
16.80200005	3.29919434
16.80200005	3.29919434
16.80200005	3.29919434
16.80200005	3.29919434
16.80200005	3.29919434
16.80200005	3.2991916.87400055	3.29919434
16.87400055	3.29919434
16.87400055	3.29919434
16.87400055	3.29919434
16.87400055	3.29919434
16.87400055	3.29919434
16.87400055	3.29919434
16.87500000	3.29919434
16.87500000	3.29919434
16.87500000	3.29919434
16.87500000	3.29919434
16.87500000	3.29919434
16.87500000	3.29919434
16.87500000	3.29919434
16.87500000	3.29919434
16.87500000	3.29919434
