1356
1299
1317
1325
1328
1314
1322
1163
1358
1328
1328
1328
1328
1317
1315
1351
1362
1309
1309
1307
1287
1349
1287
1357
1317
1314
1312
1309
1306
1350
1447
1345
1342
1338
1343
1345
1354
1357
1293
1335
1341
1344
1349
1349
1358
1344
1343
1342
1341
1341
1360
1262
1328
1325
1351
1347
1359
1297
1349
1345
1341
1348
1345
1348
1344
1351
1344
1299
1301
1303
1295
1344
1325
1346
1341
1341
1342
1328
1331
1353
1335
1328
1326
1328
1321
1325
1185
1307
1321
1318
1295
1296
1296
1331
1343
1330
1338
1335
1330
1328
1350
1327
1355
1338
1337
1337
1332
1328
1358
1294
1294
1352
1360
1350
1306
1181
1328
1335
1337
1328
1328
1328
1328
1339
1349
1344
1344
1343
1344
1343
1323
1353
1350
1332
1328
1349
1202
1354
1337
1338
1334
1337
1328
1334
1345
1328
1332
1335
1326
1325
1325
1345
1347
1345
1343
1342
1344
1344
1355
1328
1328
1328
1318
1323
1295
1341
1315
1328
1322
1316
1322
1317
1302
1328
1325
1327
1331
1318
1315
1354
1172
1355
1322
1319
1317
1358
1302
1351
1332
1338
1344
1345
1344
1289
1208
1328
1329
1329
1329
1326
1325
1346
1306
1312
1326
1325
1303
1310
1347
1307
1349
1328
1296
1296
1349
1243
1315
1327
1327
1325
1313
1312
1328
1333
1306
1325
1323
1325
1312
1310
1311
1353
1317
1315
1318
1316
1303
1347
1311
1326
1327
1328
1325
1347
1196
1360
1338
1339
1343
1329
1330
1319
1341
1301
1327
1322
1323
1307
1310
1314
1353
1286
1336
1344
1351
1341
1353
1344
1337
1341
1341
1342
1354
1264
1337
1295
1353
1335
1343
1347
1338
1300
1339
1342
1342
1342
1337
1333
1339
1355
1343
1342
1343
1345
1200
1357
1340
1354
1345
1346
1344
1293
1210
1357
1332
1331
1322
1321
1323
1316
1354
1250
1287
1289
1267
1285
1335
1337
1335
1328
1328
1325
1355
1168
1322
1302
1296
1296
1284
1286
1302
1324
1299
1311
1311
1311
1310
1294
1296
1351
1343
1345
1356
1349
1333
1351
1319
1303
1303
1303
1297
1353
1325
1351
1337
1337
1334
1331
1329
1334
1344
1357
1331
1332
1333
1328
1323
1325
1349
1348
1342
1343
1340
1317
1354
1343
1344
1344
1343
1341
1351
1219
1353
1347
1346
1346
1345
1344
1317
1337
1359
1306
1303
1292
1291
1355
1347
1355
1357
1207
1326
1346
1337
1346
1343
1339
1330
1329
1333
1334
1308
1309
1325
1326
1321
1309
1316
1341
1296
1297
1314
1283
1301
1335
1345
1296
1293
1309
1308
1296
1346
1320
1355
1353
1341
1340
1341
1333
1306
1324
1349
1341
1349
1334
1342
1339
1305
1322
1329
1328
1328
1319
1321
1340
1343
1347
1344
1344
1344
1347
1244
1355
1290
1349
1344
1343
1347
1311
1146
1325
1332
1319
1319
1343
1307
1292
1314
1315
1291
1296
1342
1296
1345
1330
1332
1327
1325
1326
1350
1341
1351
1317
1326
1326
1328
1311
1342
1355
1287
1302
1319
1328
1342
1351
1323
1329
1331
1322
1321
1323
1344
1344
1319
1296
1286
1296
1295
1354
1235
1345
1286
1286
1287
1338
1339
1330
1343
1339
1333
1328
1333
1328
1338
1334
1290
1293
1353
1364
1346
1326
1359
1343
1347
1347
1347
1346
1427
1201
1354
1296
1294
1296
1341
1253
1349
1329
1327
1313
1318
1311
1338
1339
1323
1321
1323
1305
1303
1345
1342
1350
1286
1284
1289
1280
1347
1333
1341
1342
1332
1328
1327
1335
1344
1337
1340
1335
1334
1331
1328
1329
1355
1344
1347
1343
1342
1333
1350
1158
1354
1327
1321
1309
1307
1305
1360
1342
1344
1344
1344
1344
1303
1354
1340
1334
1339
1338
1338
1359
1353
1353
1298
1293
1276
1348
1351
1347
1307
1325
1328
1328
1328
1344
1321
1318
1326
1328
1328
1315
1313
1346
1344
1286
1309
1310
1301
1296
1349
1259
1359
1328
1327
1325
1323
1322
1351
1282
1297
1328
1325
1323
1328
1339
1341
1344
1344
1341
1335
1338
1335
1344
1319
1318
1321
1299
1303
1347
1336
1355
1323
1312
1313
1287
1343
1361
1344
1351
1341
1343
1343
1308
1330
1331
1333
1344
1346
1342
1341
1344
1355
1331
1323
1319
1318
1318
1349
1336
1348
1338
1334
1322
1353
1301
1354
1328
1345
1333
1363
1343
1343
1350
1344
1349
1345
1344
1344
1340
1334
1356
1357
1315
1315
1313
1313
1353
1273
1339
1339
1339
1342
1305
1219
1299
1310
1309
1310
1313
1298
1297
1357
1329
1331
1330
1322
1324
1351
1325
1350
1340
1329
1333
1336
1331
1364
1298
1301
1296
1427
1315
1299
1408
1311
1311
1312
1302
1308
1294
1293
1347
1341
1334
1337
1333
1338
1354
1346
1323
1307
1287
1296
1351
1334
1357
1292
1290
1286
1351
1344
1335
1338
1296
1315
1296
1292
1291
1290
1328
1342
1337
1321
1326
1326
1323
1350
1170
1311
1319
1296
1297
1347
1316
1351
1338
1333
1333
1334
1332
1333
1345
1313
1319
1319
1322
1317
1349
1331
1344
1322
1312
1313
1311
1328
1349
1349
1290
1287
1345
1342
1418
1309
1310
1324
1318
1311
1301
1305
1297
1321
1274
1300
1299
1287
1407
1344
1344
1354
1328
1345
1264
1351
1322
1350
1317
1303
1326
1345
1343
1331
1334
1309
1322
1321
1296
1296
1297
1335
1343
1293
1295
1359
1338
1348
1344
1182
1330
1334
1322
1327
1345
1324
1344
1327
1326
1317
1321
1322
1301
1070
1354
1339
1340
1341
1340
1332
1299
1345
1335
1330
1338
1333
1341
1302
1307
1310
1306
1306
1292
1349
1263
1347
1287
1341
1344
1346
1343
1337
1349
1355
1343
1338
1337
1335
1333
1330
1342
1330
1344
1341
1354
1294
1356
1343
1339
1342
1339
1339
1300
1322
1317
1317
1309
1310
1310
1296
1296
1345
1311
1342
1338
1341
1339
1353
1335
1328
1329
1328
1326
1345
1328
1345
1314
1314
1311
1297
1292
1307
1318
1332
1329
1331
1328
1328
1327
1273
1347
1332
1341
1339
1341
1333
1351
1350
1334
1335
1334
1337
1350
1331
1351
1342
1342
1339
1341
1331
1331
1340
1346
1296
1296
1296
1295
1342
1328
1339
1328
1337
1337
1334
1338
1339
1344
1342
1339
1343
1334
1351
1307
1349
1330
1327
1325
1328
1317
1325
1339
1357
1345
1345
1347
1344
1339
1343
1281
1282
1282
1281
1343
1340
1289
1299
1305
1282
1281
1280
1347
1340
1349
1334
1331
1330
1328
1328
1280
1309
1337
1298
1302
1334
1303
1345
1289
1335
1344
1329
1329
1345
1310
1351
1306
1285
1281
1286
1283
1317
1335
1344
1295
1332
1329
1336
1340
1311
1331
1347
1211
1314
1335
1319
1350
1306
1299
1301
1339
1331
1347
1239
1302
1312
1313
1311
1299
1298
1312
1327
1328
1328
1322
1326
1321
1357
1349
1349
1348
1351
1351
1351
1290
1296
1303
1306
1174
1372
1332
1347
1315
1335
1338
1337
1339
1337
1338
1339
1280
1314
1328
1316
1310
1331
1344
1328
1328
1329
1328
1326
1319
1321
1337
1349
1314
1299
1299
1298
1344
1258
1327
1327
1327
1327
1319
1319
1323
1335
1326
1313
1315
1317
1312
1328
1345
1347
1345
1341
1339
1339
1303
1348
1297
1296
1286
1284
1283
1344
1341
1350
1341
1343
1330
1328
1342
1343
1281
1283
1283
1344
1343
1326
1349
1331
1323
1324
1326
1319
1350
1173
1350
1185
1317
1406
1342
1344
1329
1334
1351
1373
1281
1281
1329
1338
1301
1318
1296
1297
1295
1295
1326
1339
1296
1337
1337
1333
1382
1343
1181
1318
1312
1315
1310
1298
1299
1317
1319
1325
1327
1311
1310
1341
1345
1326
1323
1326
1326
1321
1346
1339
1350
1301
1299
1305
1202
1408
1351
1340
1349
1330
1334
1328
1326
1293
1348
1326
1328
1329
1329
1322
1344
1306
1354
1349
1340
1330
1335
1337
1296
1349
1307
1305
1306
1285
1286
1351
1331
1354
1332
1336
1331
1313
1325
1306
1309
1309
1310
1302
1296
1296
1344
1327
1323
1328
1316
1314
1344
1312
1350
1296
1287
1285
1333
1337
1296
1320
1325
1322
1322
1306
1341
1287
1316
1296
1296
1335
1340
1341
1316
1345
1301
1301
1296
1301
1334
1353
1326
1351
1301
1301
1299
1355
1302
1389
1299
1285
1319
1283
1346
1333
1351
1343
1341
1339
1342
1335
1339
1333
1350
1338
1342
1344
1342
1342
1356
1279
1354
1296
1313
1296
1299
1230
1350
1332
1329
1330
1325
1323
1357
1346
1328
1324
1326
1327
1317
1344
1339
1346
1328
1329
1327
1328
1323
1285
1348
1296
1347
1343
1339
1293
1335
1344
1290
1289
1287
1281
1332
1328
1322
1331
1328
1328
1328
1322
1348
1339
1352
1339
1326
1329
1360
1249
1360
1330
1314
1311
1313
1314
1338
1344
1319
1328
1326
1328
1319
1323
1322
1355
1311
1311
1295
1294
1295
1349
1234
1351
1327
1327
1319
1283
1329
1344
1315
1296
1297
1299
1304
1286
1350
1315
1319
1295
1297
1302
1349
1361
1355
1342
1341
1344
1344
1342
1331
1334
1333
1334
1335
1328
1296
1317
1319
1327
1328
1327
1321
1317
1343
1344
1354
1328
1328
1330
1329
1349
1346
1360
1342
1237
1328
1349
1327
1357
1356
1360
1345
1338
1339
1331
1347
1311
1326
1326
1326
1312
1313
1315
1335
1332
1328
1326
1327
1327
1349
1145
1303
1340
1344
1328
1340
1323
1346
1296
1296
1296
1296
1422
1298
1317
1335
1341
1339
1337
1338
1334
1294
1348
1327
1322
1327
1306
1308
1350
1343
1338
1342
1333
1335
1346
1280
1296
1307
1308
1306
1296
1293
1339
1274
1351
1299
1296
1296
1282
1343
1328
1353
1287
1289
1296
1345
1253
1354
1340
1338
1339
1343
1335
1293
1319
1323
1329
1325
1326
1319
1322
1346
1349
1323
1328
1323
1326
1313
1345
1335
1367
1292
1292
1295
1344
1344
1305
1314
1317
1304
1305
1304
1286
1297
1349
1283
1281
1280
1279
1354
1344
1345
1308
1310
1296
1286
1334
1342
1322
1315
1323
1343
1335
1345
1300
1321
1325
1328
1329
1318
1318
1328
1337
1331
1335
1331
1331
1328
1329
1327
1349
1349
1335
1339
1330
1314
1335
1310
1309
1312
1294
1295
1344
1329
1344
1319
1319
1317
1301
1299
1315
1149
1344
1330
1334
1333
1332
1330
1296
1319
1345
1328
1334
1335
1330
1343
1333
1328
1332
1331
1328
1345
1328
1343
1312
1313
1315
1311
1293
1331
1344
1297
1296
1296
1296
1296
1325
1321
1311
1311
1309
1312
1335
1200
1344
1338
1333
1333
1335
1333
1302
1316
1342
1344
1328
1326
1316
1317
1288
1338
1293
1331
1339
1329
1302
1343
1360
1331
1330
1328
1328
1337
1291
1335
1311
1307
1307
1309
1295
1301
1322
1317
1280
1282
1325
1328
1334
1297
1301
1307
1284
1285
1331
1277
1341
1333
1328
1329
1324
1325
1335
1357
1314
1310
1313
1312
1313
1303
1331
1333
1298
1296
1296
1270
1325
1328
1327
1327
1328
1327
1328
1323
1322
1329
1298
1283
1285
1280
1280
1338
1218
1309
1317
1316
1299
1303
1302
1314
1273
1282
1328
1281
1345
1328
1336
1280
1274
1293
1199
1296
1328
1323
1330
1328
1324
1327
1324
1324
1327
1209
1279
1286
1270
1267
1268
1265
1342
1274
1266
1279
1318
1328
1306
1321
1338
1299
1281
1283
1281
1329
1232
1339
1313
1311
1306
1297
1296
1308
1145
1333
1327
1325
1332
1317
1328
1312
1310
1307
1308
1296
1302
1299
1334
1271
1249
1280
1394
1328
1335
1296
1330
1309
1302
1296
1322
1322
1298
1309
1328
1382
1324
1327
1328
1283
1286
1287
1328
1325
1325
1329
1323
1331
1324
1324
1323
1321
1317
1333
1317
1331
1328
1325
1322
1325
1318
1336
1297
1296
1282
1280
1281
1274
1334
1292
1292
1292
1270
1274
1331
1271
1333
1280
1277
1328
1338
1332
1335
1287
1340
1328
1328
1283
1296
1194
1328
1321
1315
1317
1322
1315
1302
1398
1390
1392
1392
1391
1505
1334
1269
1329
1328
1328
1389
1391
1387
1349
1373
1321
1315
1309
1310
1317
1328
1306
1298
1290
1291
1290
1293
1314
1328
1158
1305
1363
1294
1319
1333
1162
1283
1279
1278
1278
1280
1328
1277
1289
1291
1328
1387
1398
1361
1373
1479
1331
1328
1328
1328
1321
1325
1335
1319
1305
1305
1302
1377
1424
1370
1340
1323
1319
1322
1283
1302
1296
1307
1302
1298
1296
1295
1296
1312
1318
1313
1317
1314
1318
1335
1328
1339
1307
1301
1301
1307
1294
1331
1264
1294
1299
1280
1283
1300
1232
1280
1295
1290
1271
1266
1269
1264
1328
1315
1316
1313
1303
1305
1307
1308
1328
1296
1315
1322
1317
1326
1330
1313
1309
1296
1296
1293
1308
1261
1331
1326
1319
1318
1317
1317
1319
1328
1318
1319
1324
1317
1314
1333
1313
1335
1309
1313
1307
1345
1305
1328
1296
1295
1294
1296
1284
1317
1325
1313
1309
1314
1297
1303
1301
1328
1328
1312
1312
1306
1306
1300
1328
1307
1303
1307
1309
1305
1318
1317
1328
1279
1264
1262
1261
1259
1317
1319
1324
1291
1296
1294
1295
1323
1310
1318
1289
1294
1290
1327
1196
1328
1324
1323
1328
1315
1314
1306
1310
1317
1312
1314
1312
1315
1309
1283
1327
1319
1312
1314
1312
1309
1324
1159
1323
1275
1285
1290
1325
1174
1327
1319
1312
1316
1313
1313
1278
1302
1328
1261
1265
1312
1319
1321
1296
1308
1273
1270
1266
1267
1328
1326
1310
1263
1321
1321
1319
1328
1307
1329
1314
1319
1318
1318
1316
1312
1319
1264
1442
1212
1323
1322
1313
1318
1327
1269
1268
1267
1332
1267
1334
1321
1325
1321
1322
1322
1285
1307
1321
1328
1318
1319
1316
1318
1277
1328
1317
1313
1307
1314
1312
1328
1314
1270
1292
1276
1271
1322
1332
1328
1323
1347
1501
1284
1263
1265
1294
1322
1328
1331
1315
1317
1316
1280
1328
1329
1321
1305
1309
1318
1319
1279
1267
1266
1273
1305
1324
1194
1323
1310
1306
1306
1306
1296
1302
1236
1321
1316
1306
1309
1308
1303
1300
1322
1322
1299
1297
1310
1287
1323
1307
1310
1312
1311
1307
1317
1152
1303
1312
1311
1307
1306
1312
1293
1298
1270
1270
1267
1259
1255
1259
1296
1305
1312
1306
1314
1315
1310
1322
1303
1307
1301
1303
1299
1323
1303
1322
1311
1310
1307
1305
1303
1302
1310
1283
1264
1264
1263
1264
1307
1309
1303
1309
1297
1298
1316
1216
1317
1312
1305
1309
1302
1297
1285
1296
1275
1289
1281
1280
1281
1267
1267
1317
1305
1297
1319
1302
1289
1310
1298
1301
1301
1296
1296
1321
1294
1315
1266
1268
1264
1254
1247
1267
1285
1322
1314
1308
1313
1309
1311
1264
1265
1277
1275
1277
1311
1298
1323
1268
1264
1257
1310
1280
1318
1313
1315
1322
1303
1303
1305
1306
1297
1309
1295
1286
1269
1277
1271
1212
1310
1301
1299
1302
1302
1296
1296
1312
1280
1264
1265
1264
1263
1314
1295
1313
1303
1296
1296
1296
1291
1295
1302
1313
1274
1249
1265
1250
1313
1299
1296
1296
1296
1289
1310
1303
1314
1279
1280
1264
1264
1264
1301
1282
1298
1301
1303
1303
1297
1297
1302
1311
1293
1309
1323
1303
1279
1315
1303
1305
1307
1306
1301
1316
1275
1312
1282
1285
1287
1280
1275
1290
1301
1291
1287
1285
1273
1287
1302
1302
1250
1215
1296
1299
1296
1276
1306
1296
1296
1296
1297
1296
1308
1162
1290
1296
1287
1284
1286
1279
1285
1173
1291
1248
1258
1258
1254
1278
1308
1273
1269
1268
1258
1299
1294
1302
1293
1293
1290
1292
1292
1309
1268
1296
1296
1296
1296
1296
1291
1296
1296
1296
1297
1291
1291
1297
1210
1257
1247
1243
1243
1311
1302
1285
1312
1294
1296
1295
1295
1291
1311
1181
1285
1289
1290
1285
1263
1191
1308
1246
1298
1355
1363
1363
1331
1392
1359
1296
1294
1296
1295
1307
1239
1305
1375
1369
1366
1363
1361
1520
1280
1321
1293
1295
1287
1293
1299
1289
1290
1283
1286
1280
1279
1278
1308
1296
1290
1286
1287
1291
1308
1177
1309
1280
1279
1264
1263
1264
1312
1275
1278
1277
1275
1261
1296
1301
1291
1294
1290
1283
1281
1284
1315
1299
1282
1284
1274
1274
1271
1307
1237
1300
1347
1294
1296
1251
1280
1296
1288
1293
1285
1290
1279
1249
1267
1293
1293
1287
1285
1286
1285
1230
1306
1287
1292
1300
1298
1295
1303
1296
1306
1295
1281
1291
1281
1249
1237
1251
1254
1232
1234
1231
1222
1255
1296
1284
1285
1283
1286
1280
1281
1296
1280
1279
1285
1282
1279
1262
1271
1271
1270
1264
1261
1271
1113
1297
1281
1280
1278
1277
1276
1266
1296
1282
1277
1273
1273
1270
1287
1264
1296
1267
1269
1291
1275
1239
1378
1250
1253
1215
1330
1380
1198
1296
1244
1243
1248
1285
1281
1295
1289
1297
1293
1293
1291
1287
1292
1303
1219
1281
1275
1279
1278
1298
1293
1298
1289
1296
1292
1294
1293
1287
1296
1257
1246
1245
1245
1259
1296
1277
1296
1249
1247
1250
1247
1267
1301
1290
1291
1290
1286
1286
1274
1190
1272
1263
1264
1264
1253
1247
1246
1281
1294
1286
1291
1286
1296
1296
1139
1265
1271
1265
1291
1295
1181
1299
1305
1360
1360
1360
1360
1325
1270
1501
1251
1249
1245
1251
1256
1247
1305
1357
1347
1390
1361
1463
1321
1295
1263
1249
1250
1248
1293
1199
1301
1289
1281
1282
1280
1280
1270
1291
1297
1264
1264
1264
1250
1247
1251
1294
1279
1269
1267
1269
1277
1301
1293
1286
1290
1287
1284
1245
1168
1298
1245
1244
1239
1245
1257
1242
1295
1289
1283
1282
1277
1284
1283
1283
1294
1296
1275
1277
1296
1290
1255
1264
1243
1247
1243
1229
1233
1266
1274
1265
1264
1259
1257
1252
1254
1266
1264
1264
1264
1265
1257
1289
1262
1227
1225
1273
1278
1293
1276
1292
1269
1301
1279
1279
1279
1264
1275
1280
1280
1275
1279
1278
1274
1239
1286
1278
1278
1281
1280
1271
1285
1262
1264
1261
1258
1255
1283
1250
1286
1294
1280
1285
1277
1280
1253
1264
1232
1231
1232
1280
1237
1246
1264
1278
1232
1274
1277
1271
1271
1286
1248
1251
1250
1251
1237
1286
1265
1290
1287
1255
1255
1253
1255
1270
1230
1286
1269
1265
1262
1255
1254
1248
1251
1253
1255
1242
1296
1223
1296
1282
1280
1279
1270
1266
1247
1161
1297
1248
1243
1246
1243
1285
1329
1364
1328
1326
1326
1317
1328
1357
1367
1364
1367
1366
1364
1374
1237
1380
1359
1356
1346
1348
1348
1332
1200
1354
1339
1335
1334
1335
1317
1321
1376
1338
1344
1347
1348
1365
1386
1374
1358
1368
1367
1367
1381
1364
1379
1343
1335
1334
1330
1330
1359
1373
1373
1371
1365
1365
1365
1362
1347
1355
1339
1338
1342
1337
1360
1369
1344
1335
1328
1328
1324
1377
1279
1344
1356
1349
1342
1337
1335
1358
1293
1349
1346
1344
1375
1375
1335
1502
1258
1239
1233
1335
1296
1318
1382
1367
1360
1361
1361
1391
1405
1306
1313
1265
1277
1296
1296
1369
1370
1374
1279
1287
1273
1265
1268
1311
1270
1267
1269
1254
1251
1306
1296
1310
1312
1287
1287
1282
1282
1270
1299
1315
1296
1295
1291
1284
1312
1302
1297
1297
1296
1296
1291
1292
1306
1306
1297
1296
1298
1296
1314
1174
1301
1305
1295
1294
1377
1307
1289
1165
1323
1309
1318
1312
1312
1317
1273
1266
1353
1215
1315
1315
1314
1317
1304
1302
1296
1297
1296
1325
1264
1301
1305
1303
1305
1298
1299
1305
1216
1303
1307
1299
1300
1307
1317
1316
1315
1312
1303
1309
1303
1299
1311
1300
1296
1296
1293
1295
1317
1312
1296
1298
1296
1296
1284
1315
1293
1296
1280
1286
1280
1284
1271
1319
1289
1287
1280
1287
1282
1317
1119
1287
1299
1301
1299
1292
1287
1262
1136
1297
1294
1258
1252
1297
1302
1294
1295
1293
1291
1286
1282
1284
1300
1274
1309
1362
1301
1303
1312
1263
1301
1297
1298
1297
1309
1301
1286
1309
1331
1307
1301
1301
1293
1238
1293
1286
1283
1273
1271
1273
1301
1309
1293
1291
1295
1291
1283
1311
1155
1253
1264
1250
1251
1273
1130
1290
1283
1264
1264
1267
1264
1249
1313
1287
1285
1270
1270
1270
1307
1262
1311
1297
1296
1296
1297
1296
1250
1285
1280
1280
1238
1252
1296
1261
1285
1275
1278
1275
1273
1264
1293
1298
1252
1251
1249
1152
1264
1296
1242
1298
1275
1265
1265
1270
1264
1298
1292
1294
1294
1290
1286
1264
1280
1259
1251
1253
1253
1234
1232
1235
1296
1287
1286
1290
1289
1279
1297
1232
1298
1292
1293
1286
1296
1281
1297
1295
1293
1286
1279
1296
1283
1295
1280
1280
1281
1271
1277
1274
1277
1298
1258
1258
1255
1253
1329
1296
1198
1246
1247
1231
1231
1296
1283
1296
1223
1291
1276
1281
1267
1276
1237
1293
1275
1278
1279
1277
1275
1279
1297
1269
1271
1270
1261
1262
1301
1255
1285
1193
1264
1235
1263
1282
1282
1281
1284
1284
1275
1280
1232
1269
1288
1283
1286
1287
1278
1296
1328
1297
1246
1251
1248
1296
1147
1294
1298
1291
1289
1292
1294
1243
1288
1306
1285
1287
1288
1286
1280
1305
1306
1306
1310
1279
1296
1296
1296
1263
1305
1274
1281
1278
1302
1159
1296
1290
1253
1254
1378
1297
1278
1287
1283
1287
1284
1281
1281
1280
1271
1296
1271
1270
1271
1266
1264
1302
1280
1279
1277
1264
1264
1232
1170
1296
1283
1312
1293
1291
1291
1254
1285
1280
1291
1290
1287
1283
1289
1260
1296
1283
1287
1241
1295
1239
1296
1297
1267
1291
1281
1282
1288
1153
1296
1299
1298
1299
1301
1290
1286
1258
1280
1281
1280
1278
1289
1283
1285
1281
1277
1275
1273
1289
1216
1267
1232
1269
1279
1306
1283
1258
1127
1291
1247
1247
1243
1225
1218
1216
1285
1290
1274
1270
1264
1262
1292
1231
1280
1275
1275
1272
1290
1104
1293
1259
1253
1251
1233
1232
1249
1261
1288
1274
1271
1266
1266
1265
1222
1283
1259
1242
1268
1265
1264
1273
1264
1263
1257
1251
1253
1280
1226
1262
1241
1234
1235
1239
1225
1264
1193
1271
1271
1270
1264
1270
1267
1263
1275
1271
1269
1277
1270
1271
1271
1271
1265
1270
1271
1269
1264
1275
1272
1269
1269
1125
1229
1217
1214
1187
1231
1229
1234
1225
1230
1273
1232
1226
1228
1209
1212
1269
1258
1275
1263
1263
1259
1261
1250
1231
1246
1219
1214
1215
1219
1232
1232
1228
1266
1254
1217
1232
1270
1250
1275
1263
1264
1263
1265
1266
1280
1212
1279
1258
1230
1239
1241
1232
1262
1200
1278
1216
1217
1211
1215
1267
1251
1243
1250
1251
1253
1237
1242
1268
1264
1269
1262
1254
1253
1274
1248
1278
1257
1260
1255
1254
1253
1245
1268
1269
1267
1267
1267
1275
1271
1297
1232
1258
1266
1264
1264
1238
1273
1229
1140
1344
1249
1261
1294
1236
1264
1264
1255
1257
1259
1263
1267
1247
1274
1253
1263
1261
1255
1285
1255
1257
1250
1234
1233
1282
1271
1280
1246
1246
1221
1225
1220
1249
1173
1269
1269
1267
1262
1262
1263
1419
1266
1320
1319
1323
1321
1349
1350
1328
1330
1330
1317
1313
1360
1298
1338
1345
1334
1338
1335
1329
1334
1201
1307
1360
1358
1358
1354
1357
1362
1315
1296
1297
1294
1359
1352
1357
1361
1344
1351
1351
1353
1360
1310
1306
1351
1350
1349
1351
1344
1345
1310
1321
1344
1344
1339
1347
1350
1339
1341
1342
1342
1337
1333
1337
1351
1344
1347
1361
1353
1344
1359
1346
1334
1341
1331
1335
1330
1328
1339
1337
1341
1338
1337
1409
1397
1264
1269
1275
1342
1329
1335
1358
1241
1359
1375
1297
1246
1243
1245
1226
1162
1268
1330
1335
1280
1266
1273
1235
1340
1245
1233
1273
1275
1260
1285
1278
1269
1296
1277
1271
1281
1271
1283
1235
1229
1223
1230
1226
1258
1278
1261
1255
1262
1251
1271
1217
1266
1264
1264
1249
1248
1247
1278
1282
1281
1281
1273
1274
1271
1292
1264
1293
1280
1278
1275
1279
1323
1339
1340
1328
1325
1321
1325
1306
1363
1347
1347
1347
1344
1342
1361
1353
1346
1346
1346
1345
1345
1341
1334
1328
1347
1345
1344
1343
1361
1358
1370
1362
1373
1363
1360
1360
1355
1363
1359
1354
1358
1359
1352
1353
1347
1360
1354
1349
1344
1343
1335
1369
1320
1328
1334
1337
1328
1329
1347
1316
1306
1366
1362
1364
1363
1333
1361
1350
1338
1339
1339
1337
1375
1184
1378
1334
1360
1362
1360
1312
1375
1337
1331
1313
1315
1308
1306
1345
1378
1362
1360
1360
1359
1355
1309
1373
1331
1329
1329
1330
1315
1375
1297
1378
1370
1278
1281
1301
1251
1281
1296
1360
1350
1351
1354
1465
1268
1295
1296
1295
1295
1351
1362
1360
1378
1364
1362
1364
1489
1303
1309
1239
1253
1253
1268
1277
1255
1266
1287
1283
1285
1275
1274
1274
1268
1291
1249
1247
1247
1243
1296
1296
1296
1310
1295
1283
1283
1288
1308
1309
1306
1301
1297
1296
1296
1242
1281
1252
1240
1237
1239
1297
1290
1299
1267
1273
1246
1253
1251
1250
1297
1351
1309
1281
1260
1269
1303
1257
1295
1296
1289
1291
1292
1282
1286
1175
1314
1302
1301
1295
1296
1295
1294
1316
1294
1297
1287
1286
1285
1312
1296
1303
1297
1306
1299
1325
1259
1273
1265
1264
1266
1253
1247
1298
1236
1258
1252
1302
1296
1328
1305
1296
1312
1296
1295
1296
1303
1296
1299
1308
1314
1303
1303
1297
1307
1266
1306
1300
1300
1296
1295
1296
1249
1312
1312
1300
1299
1302
1296
1295
1296
1292
1286
1232
1227
1296
1173
1279
1282
1290
1286
1285
1275
1263
1231
1295
1293
1290
1290
1291
1283
1252
1267
1280
1278
1267
1270
1267
1296
1254
1263
1261
1257
1247
1289
1118
1247
1249
1247
1242
1263
1243
1249
1154
1264
1253
1251
1245
1247
1232
1232
1292
1235
1232
1234
1285
1281
1280
1295
1280
1283
1281
1278
1294
1280
1289
1285
1280
1280
1290
1277
1276
1286
1274
1273
1259
1258
1259
1257
1280
1289
1278
1279
1280
1280
1264
1232
1254
1255
1234
1234
1233
1281
1223
1283
1287
1280
1280
1281
1279
1283
1286
1273
1291
1273
1276
1282
1248
1265
1261
1257
1253
1254
1282
1242
1286
1290
1287
1292
1291
1289
1293
1294
1294
1275
1280
1278
1278
1277
1230
1265
1223
1231
1273
1280
1278
1286
1283
1285
1282
1281
1291
1296
1280
1290
1287
1280
1280
1284
1278
1276
1296
1281
1279
1280
1267
1270
1268
1287
1267
1290
1284
1282
1279
1286
1291
1282
1273
1274
1278
1278
1297
1159
1250
1245
1286
1290
1291
1285
1263
1134
1251
1243
1242
1293
1289
1302
1271
1270
1266
1259
1259
1296
1131
1303
1281
1277
1273
1267
1269
1298
1290
1305
1266
1264
1264
1264
1251
1287
1290
1233
1231
1287
1291
1253
1283
1286
1282
1278
1280
1278
1296
1157
1282
1277
1277
1266
1271
1266
1258
1117
1301
1278
1267
1265
1265
1262
1254
1287
1264
1262
1291
1290
1263
1294
1283
1296
1285
1282
1275
1294
1255
1295
1296
1270
1264
1264
1265
1261
1280
1310
1285
1287
1286
1245
1266
1241
1215
1245
1239
1233
1278
1282
1285
1231
1270
1276
1280
1280
1287
1235
1237
1227
1290
1297
1300
1280
1280
1235
1290
1281
1270
1273
1280
1285
1235
1233
1231
1232
1241
1287
1271
1293
1263
1263
1265
1283
1281
1295
1280
1294
1255
1238
1237
1234
1235
1264
1264
1265
1253
1251
1253
1245
1269
1252
1234
1232
1238
1234
1292
1367
1296
1280
1280
1279
1276
1279
1283
1262
1286
1284
1280
1283
1268
1219
1263
1249
1252
1247
1248
1281
1270
1294
1267
1265
1268
1267
1264
1291
1264
1290
1290
1283
1283
1284
1283
1264
1278
1270
1271
1275
1278
1270
1283
1264
1266
1267
1264
1251
1261
1255
1290
1263
1262
1262
1259
1253
1282
1134
1235
1198
1293
1272
1296
1280
1271
1271
1275
1270
1264
1264
1282
1293
1151
1258
1309
1241
1282
1281
1280
1282
1267
1271
1266
1270
1270
1291
1242
1283
1280
1282
1280
1296
1281
1292
1262
1264
1267
1254
1253
1284
1290
1255
1261
1262
1261
1249
1294
1277
1296
1285
1282
1344
1351
1354
1363
1298
1376
1334
1344
1346
1331
1360
1359
1356
1355
1360
1349
1354
1326
1375
1360
1361
1361
1362
1361
1374
1299
1371
1353
1357
1354
1355
1343
1389
1375
1378
1382
1383
1383
1385
1383
1379
1386
1361
1361
1360
1358
1374
1335
1341
1339
1338
1337
1319
1385
1296
1456
1381
1377
1376
1386
1353
1360
1351
1347
1354
1350
1341
1376
1383
1370
1371
1360
1355
1360
1362
1380
1391
1331
1333
1334
1330
1359
1386
1263
1375
1360
1361
1361
1345
1377
1370
1370
1365
1363
1361
1360
1356
1379
1359
1341
1338
1335
1332
1392
1394
1403
1365
1367
1365
1361
1349
1367
1387
1379
1379
1373
1376
1343
1159
1395
1392
1394
1392
1389
1382
1395
1402
1393
1422
1398
1394
1397
1394
1395
1406
1381
1383
1397
1408
1391
1408
1372
1375
1363
1361
1362
1381
1327
1381
1381
1375
1358
1360
1360
1393
1397
1397
1397
1398
1399
1392
1408
1367
1401
1392
1408
1399
1413
1349
1371
1363
1364
1391
1339
1407
1354
1408
1397
1392
1394
1393
1393
1392
1387
1407
1394
1392
1393
1392
1406
1413
1377
1375
1359
1357
1349
1410
1347
1505
1318
1317
1313
1311
1302
1330
1339
1409
1342
1326
1334
1343
1328
1329
1336
1329
1326
1319
1329
1178
1290
1280
1319
1317
1314
1326
1289
1323
1325
1323
1322
1318
1314
1315
1312
1322
1264
1323
1324
1322
1323
1329
1143
1309
1309
1310
1303
1326
1265
1329
1316
1313
1317
1316
1313
1261
1177
1328
1306
1307
1309
1302
1298
1317
1319
1312
1313
1309
1305
1322
1323
1303
1305
1302
1298
1296
1321
1281
1318
1315
1308
1312
1304
1298
1301
1220
1308
1307
1304
1302
1301
1296
1298
1324
1315
1293
1287
1318
1306
1319
1308
1302
1303
1301
1302
1314
1270
1294
1290
1285
1286
1275
1274
1307
1318
1285
1285
1287
1287
1277
1319
1310
1301
1299
1301
1305
1301
1153
1317
1264
1247
1250
1250
1312
1319
1305
1316
1273
1280
1277
1267
1264
1299
1307
1296
1285
1281
1311
1293
1301
1264
1258
1259
1259
1258
1311
1194
1291
1281
1281
1266
1267
1270
1290
1238
1293
1289
1283
1291
1290
1282
1281
1311
1293
1293
1292
1295
1292
1297
1300
1296
1296
1296
1296
1310
1264
1309
1312
1296
1296
1296
1291
1266
1291
1296
1296
1296
1294
1290
1293
1258
1264
1264
1257
1254
1296
1251
1298
1291
1289
1286
1289
1285
1297
1235
1264
1253
1258
1260
1239
1241
1291
1296
1261
1264
1259
1294
1263
1301
1233
1235
1286
1292
1280
1294
1265
1302
1236
1296
1292
1289
1289
1251
1286
1281
1280
1280
1267
1266
1269
1264
1285
1293
1291
1296
1287
1255
1280
1280
1262
1261
1258
1260
1296
1136
1249
1239
1239
1300
1285
1291
1247
1136
1259
1247
1243
1247
1285
1286
1258
1260
1259
1257
1246
1285
1280
1270
1271
1274
1267
1267
1263
1291
1285
1293
1296
1258
1250
1251
1231
1278
1292
1274
1282
1280
1260
1296
1250
1290
1282
1282
1280
1282
1273
1269
1293
1273
1271
1270
1261
1261
1291
1284
1249
1229
1230
1227
1227
1282
1267
1285
1256
1251
1252
1255
1250
1296
1263
1262
1244
1242
1243
1290
1203
1294
1266
1265
1266
1270
1247
1299
1232
1264
1258
1261
1235
1232
1280
1261
1239
1242
1235
1232
1284
1264
1295
1284
1280
1280
1280
1280
1295
1254
1283
1266
1265
1264
1264
1264
1265
1280
1257
1254
1264
1264
1274
1286
1264
1263
1249
1254
1247
1252
1277
1285
1217
1325
1247
1232
1344
1297
1140
1265
1262
1258
1260
1250
1243
1260
1294
1291
1293
1282
1285
1291
1297
1299
1277
1276
1274
1273
1296
1294
1295
1282
1275
1269
1271
1269
1301
1235
1264
1255
1259
1254
1238
1258
1292
1293
1286
1291
1283
1286
1284
1242
1253
1246
1325
1342
1286
1297
1294
1299
1290
1286
1286
1282
1281
1306
1287
1301
1303
1296
1280
1264
1150
1306
1269
1269
1268
1265
1258
1261
1301
1296
1292
1295
1295
1295
1296
1259
1303
1281
1273
1283
1273
1271
1243
1296
1294
1296
1291
1287
1294
1223
1315
1303
1296
1296
1296
1297
1291
1313
1261
1248
1245
1238
1241
1310
1285
1310
1279
1275
1259
1313
1298
1308
1296
1296
1286
1282
1283
1302
1306
1300
1296
1295
1296
1295
1292
1285
1306
1311
1280
1266
1264
1265
1307
1228
1309
1287
1300
1298
1255
1218
1291
1287
1286
1283
1278
1280
1275
1293
1280
1282
1282
1271
1273
1300
1274
1313
1283
1281
1286
1271
1269
1277
1291
1291
1289
1289
1293
1315
1264
1310
1302
1302
1302
1296
1303
1301
1314
1315
1269
1273
1258
1257
1313
1263
1315
1299
1296
1296
1311
1246
1280
1274
1276
1259
1262
1263
1280
1246
1312
1281
1258
1263
1261
1258
1293
1315
1307
1302
1307
1297
1299
1312
1266
1312
1302
1302
1298
1314
1245
1329
1306
1298
1296
1298
1298
1296
1255
1314
1313
1286
1289
1283
1286
1299
1317
1287
1287
1280
1284
1280
1325
1298
1299
1296
1296
1297
1313
1280
1328
1303
1303
1311
1305
1306
1305
1307
1280
1300
1302
1295
1303
1303
1305
1314
1281
1282
1296
1317
1296
1317
1299
1297
1289
1290
1293
1283
1187
1299
1296
1289
1289
1290
1280
1279
1321
1249
1253
1303
1328
1305
1310
1143
1319
1305
1255
1333
1309
1247
1307
1299
1296
1295
1296
1296
1247
1282
1301
1298
1293
1296
1296
1291
1260
1278
1299
1293
1294
1294
1294
1315
1303
1301
1301
1302
1303
1313
1223
1299
1324
1309
1312
1302
1299
1296
1249
1318
1278
1267
1265
1264
1264
1293
1313
1269
1264
1266
1310
1280
1315
1313
1286
1285
1271
1271
1306
1140
1314
1280
1270
1267
1266
1264
1253
1284
1313
1295
1289
1287
1278
1309
1307
1303
1249
1239
1242
1298
1297
1309
1295
1300
1296
1294
1296
1294
1294
1265
1245
1242
1246
1237
1317
1311
1269
1279
1279
1280
1279
1281
1311
1291
1289
1285
1285
1280
1309
1174
1310
1297
1297
1293
1293
1292
1286
1219
1281
1277
1274
1264
1262
1264
1296
1235
1259
1257
1251
1266
1269
1291
1264
1300
1299
1297
1301
1306
1102
1309
1296
1294
1296
1291
1295
1264
1141
1337
1296
1299
1287
1298
1300
1264
1291
1295
1289
1294
1286
1288
1301
1287
1284
1285
1275
1271
1301
1296
1300
1302
1250
1246
1243
1296
1278
1290
1294
1291
1287
1289
1237
1280
1287
1287
1287
1279
1279
1299
1281
1302
1296
1291
1291
1290
1287
1249
1213
1301
1289
1283
1285
1277
1275
1295
1296
1264
1293
1285
1287
1248
1300
1284
1286
1283
1280
1278
1297
1276
1303
1280
1279
1278
1267
1271
1248
1294
1307
1291
1283
1287
1286
1281
1255
1261
1258
1265
1258
1296
1283
1296
1273
1270
1254
1255
1253
1293
1277
1296
1269
1273
1270
1259
1261
1270
1280
1281
1291
1286
1286
1280
1291
1238
1241
1234
1294
1291
1290
1283
1299
1270
1270
1262
1263
1259
1294
1221
1296
1288
1285
1281
1282
1283
1278
1200
1264
1289
1287
1282
1250
1277
1301
1289
1296
1291
1283
1284
1285
1298
1286
1288
1287
1280
1283
1295
1264
1296
1286
1287
1292
1290
1289
1302
1235
1248
1303
1307
1360
1335
1370
1361
1365
1367
1384
1283
1296
1284
1358
1353
1351
1349
1346
1345
1337
1360
1370
1355
1359
1361
1354
1248
1373
1373
1347
1333
1339
1335
1360
1365
1371
1357
1353
1353
1347
1368
1345
1366
1353
1361
1366
1378
1360
1341
1360
1346
1351
1354
1353
1357
1369
1360
1360
1360
1358
1355
1351
1359
1370
1313
1310
1360
1349
1360
1371
1329
1339
1329
1328
1328
1315
1318
1374
1358
1359
1357
1351
1347
1355
1360
1351
1354
1356
1355
1354
1354
1356
1365
1335
1333
1330
1329
1333
1367
1303
1351
1332
1331
1328
1327
1350
1322
1317
1317
1301
1299
1297
1345
1354
1347
1347
1342
1342
1338
1364
1261
1331
1310
1309
1303
1360
1360
1308
1335
1264
1259
1333
1337
1351
1408
1309
1282
1281
1283
1280
1277
1278
1293
1246
1232
1232
1232
1229
1296
1168
1282
1281
1270
1269
1266
1194
1280
1281
1275
1281
1281
1276
1276
1226
1283
1280
1280
1280
1282
1279
1281
1294
1287
1280
1280
1280
1282
1296
1279
1295
1271
1280
1279
1232
1149
1269
1269
1267
1264
1262
1261
1255
1264
1221
1239
1215
1357
1279
1277
1271
1280
1280
1281
1276
1275
1278
1277
1207
1248
1261
1239
1234
1287
1175
1258
1254
1261
1237
1232
1223
1230
1258
1247
1245
1249
1245
1237
1285
1271
1285
1243
1242
1233
1239
1165
1254
1246
1232
1231
1232
1230
1265
1286
1284
1274
1271
1271
1273
1269
1266
1294
1274
1265
1267
1264
1265
1290
1127
1248
1243
1280
1279
1284
1282
1281
1274
1278
1307
1293
1280
1278
1280
1266
1264
1258
1255
1260
1260
1276
1286
1232
1232
1233
1291
1274
1291
1274
1276
1280
1264
1264
1284
1261
1291
1267
1264
1262
1259
1261
1278
1232
1217
1218
1278
1275
1278
1280
1274
1286
1271
1271
1276
1296
1147
1287
1276
1275
1264
1264
1264
1253
1277
1287
1279
1279
1280
1279
1276
1243
1266
1292
1277
1278
1275
1268
1291
1269
1298
1281
1226
1241
1280
1221
1286
1284
1277
1271
1271
1271
1223
1270
1229
1222
1222
1225
1277
1281
1283
1242
1290
1287
1263
1264
1266
1270
1239
1251
1247
1239
1245
1280
1229
1251
1253
1245
1236
1232
1232
1261
1201
1267
1264
1265
1264
1264
1258
1262
1286
1275
1285
1280
1286
1237
1290
1258
1259
1262
1245
1250
1280
1091
1254
1230
1231
1227
1229
1275
1271
1252
1276
1280
1282
1289
1278
1278
1280
1289
1279
1274
1273
1276
1138
1242
1237
1197
1237
1216
1280
1269
1264
1285
1219
1217
1222
1232
1264
1291
1283
1292
1275
1267
1264
1263
1275
1258
1258
1261
1245
1243
1279
1276
1262
1259
1255
1249
1254
1243
1264
1222
1285
1282
1275
1273
1270
1271
1274
1281
1227
1222
1219
1273
1247
1280
1271
1269
1269
1266
1265
1279
1264
1282
1283
1255
1253
1253
1235
1238
1265
1287
1264
1255
1253
1251
1250
1238
1260
1270
1266
1270
1265
1265
1282
1251
1234
1232
1232
1232
1283
1210
1270
1264
1264
1258
1262
1258
1267
1278
1249
1232
1233
1231
1232
1286
1266
1264
1265
1257
1257
1280
1178
1281
1253
1251
1239
1241
1247
1228
1075
1238
1230
1232
1229
1263
1266
1265
1280
1214
1235
1247
1255
1250
1268
1282
1278
1267
1268
1268
1270
1074
1283
1257
1259
1260
1253
1245
1223
1106
1250
1238
1232
1233
1238
1216
1215
1280
1298
1265
1266
1267
1268
1280
1245
1234
1227
1225
1227
1267
1264
1280
1263
1264
1262
1256
1255
1263
1268
1264
1261
1258
1261
1261
1195
1245
1231
1226
1232
1229
1271
1257
1275
1275
1215
1217
1214
1216
1277
1260
1276
1264
1267
1264
1264
1266
1259
1268
1259
1261
1258
1253
1274
1278
1264
1256
1257
1253
1251
1269
1264
1249
1238
1235
1241
1238
1219
1278
1214
1230
1232
1231
1214
1215
1216
1210
1268
1262
1261
1259
1258
1233
1215
1206
1201
1265
1266
1265
1264
1233
1274
1247
1233
1232
1232
1216
1226
1247
1292
1264
1264
1266
1253
1264
1245
1245
1247
1241
1231
1233
1245
1270
1264
1263
1264
1264
1258
1275
1215
1242
1231
1216
1209
1211
1203
1245
1168
1272
1266
1271
1264
1264
1270
1270
1265
1265
1263
1264
1261
1261
1268
1277
1254
1236
1237
1232
1267
1210
1248
1225
1224
1226
1219
1205
1259
1250
1257
1258
1249
1246
1255
1259
1253
1251
1250
1257
1241
1243
1243
1274
1262
1251
1250
1250
1247
1270
1138
1270
1269
1265
1265
1217
1079
1259
1259
1255
1254
1252
1252
1215
1268
1253
1246
1249
1239
1242
1267
1238
1264
1242
1247
1247
1233
1232
1207
1075
1245
1162
1215
1248
1249
1264
1246
1245
1247
1247
1235
1235
1241
1270
1216
1221
1270
1254
1313
1273
1115
1259
1251
1245
1239
1241
1233
1350
1328
1426
1261
1251
1253
1259
1263
1227
1222
1218
1218
1219
1264
1253
1265
1263
1261
1264
1261
1265
1274
1146
1234
1216
1216
1261
1216
1252
1261
1253
1259
1250
1247
1246
1187
1264
1280
1246
1254
1255
1258
1257
1230
1239
1241
1243
1235
1230
1226
1257
1067
1270
1242
1239
1239
1267
1231
1251
1248
1248
1248
1246
1239
1264
1213
1253
1254
1245
1245
1243
1237
1258
1274
1265
1261
1260
1259
1259
1275
1262
1262
1252
1298
1264
1247
1109
1285
1266
1249
1286
1254
1264
1239
1297
1262
1257
1264
1263
1255
1269
1091
1246
1233
1237
1264
1264
1232
1261
1258
1258
1255
1254
1259
1263
1264
1231
1229
1227
1226
1207
1259
1241
1269
1253
1255
1250
1256
1243
1269
1164
1261
1262
1263
1262
1271
1258
1268
1260
1260
1259
1254
1257
1255
1264
1211
1206
1206
1260
1262
1259
1267
1266
1262
1257
1258
1256
1229
1271
1233
1235
1232
1216
1216
1232
1254
1223
1216
1266
1262
1296
1262
1247
1269
1315
1264
1264
1264
1264
1270
1105
1247
1232
1233
1263
1258
1239
1231
1200
1203
1200
1253
1254
1208
1235
1258
1249
1247
1248
1244
1243
1260
1244
1232
1211
1207
1204
1204
1265
1231
1265
1222
1344
1263
1271
1129
1282
1264
1255
1259
1262
1262
1247
1193
1216
1262
1260
1260
1252
1258
1234
1265
1257
1259
1253
1252
1227
1274
1278
1210
1206
1265
1264
1264
1232
1277
1258
1254
1254
1251
1243
1264
1265
1232
1231
1232
1214
1207
1269
1216
1270
1239
1249
1251
1270
1246
1264
1265
1259
1264
1264
1255
1264
1261
1245
1239
1235
1214
1215
1209
1203
1231
1265
1248
1249
1245
1248
1246
1255
1259
1261
1248
1254
1269
1255
1271
1230
1206
1203
1207
1200
1238
1139
1247
1238
1237
1238
1234
1229
1232
1269
1260
1264
1263
1262
1239
1270
1273
1250
1251
1254
1249
1274
1248
1274
1264
1264
1264
1264
1256
1241
1255
1215
1215
1267
1262
1264
1262
1242
1262
1264
1264
1264
1273
1263
1266
1261
1264
1259
1265
1261
1275
1201
1232
1220
1221
1216
1248
1246
1207
1233
1133
1466
1233
1190
1262
1267
1261
1252
1255
1254
1259
1267
1283
1271
1273
1229
1217
1219
1221
1267
1249
1233
1235
1223
1226
1217
1218
1202
1243
1273
1247
1243
1265
1245
1270
1253
1250
1265
1270
1267
1265
1097
1271
1278
1250
1239
1239
1239
1226
1104
1278
1216
1264
1264
1265
1263
1234
1267
1227
1235
1233
1232
1260
1276
1264
1262
1261
1262
1259
1276
1200
1218
1207
1209
1268
1266
1263
1258
1209
1259
1258
1258
1257
1255
1250
1233
1242
1243
1229
1228
1223
1262
1278
1257
1255
1249
1246
1247
1274
1161
1216
1259
1250
1259
1236
1264
1237
1087
1269
1251
1247
1263
1264
1274
1265
1264
1263
1264
1259
1264
1266
1275
1258
1261
1255
1259
1258
1271
1203
1206
1212
1279
1269
1264
1264
1263
1270
1216
1211
1207
1212
1259
1274
1247
1235
1235
1232
1232
1266
1232
1274
1239
1233
1236
1234
1221
1232
1254
1211
1211
1210
1267
1267
1159
1263
1265
1264
1263
1264
1264
1232
1274
1273
1264
1265
1261
1264
1275
1235
1274
1271
1255
1226
1245
1260
1235
1256
1239
1232
1253
1249
1259
1269
1264
1263
1263
1263
1264
1254
1264
1274
1257
1253
1245
1239
1239
1267
1227
1262
1261
1261
1264
1257
1257
1259
1170
1216
1231
1225
1213
1258
1266
1264
1257
1257
1255
1259
1250
1252
1278
1266
1269
1264
1264
1264
1280
1264
1278
1232
1212
1204
1211
1257
1247
1234
1232
1232
1232
1217
1221
1255
1239
1287
1263
1264
1259
1261
1100
1234
1221
1216
1220
1231
1233
1219
1177
1271
1216
1258
1250
1258
1168
1275
1211
1205
1203
1206
1263
1245
1274
1215
1261
1261
1259
1263
1279
1242
1277
1227
1210
1207
1202
1200
1239
1281
1227
1229
1227
1225
1258
1162
1280
1280
1261
1255
1261
1255
1251
1283
1200
1267
1266
1273
1268
1278
1104
1283
1267
1266
1267
1270
1263
1263
1261
1258
1259
1255
1253
1213
1251
1263
1261
1263
1259
1254
1271
1231
1274
1269
1264
1264
1261
1265
1253
1105
1276
1233
1238
1249
1269
1231
1232
1229
1213
1210
1206
1200
1265
1251
1263
1258
1251
1253
1252
1259
1264
1382
1280
1264
1264
1266
1268
1269
1287
1270
1264
1264
1254
1232
1247
1261
1261
1259
1259
1255
1254
1254
1270
1255
1255
1261
1258
1251
1277
1251
1246
1235
1229
1227
1284
1268
1275
1264
1254
1254
1255
1254
1264
1271
1235
1233
1235
1236
1215
1273
1257
1266
1207
1210
1271
1269
1266
1279
1223
1250
1239
1250
1247
1273
1232
1266
1263
1264
1264
1259
1260
1265
1223
1247
1241
1241
1242
1244
1273
1264
1274
1247
1230
1229
1231
1228
1286
1267
1268
1270
1267
1264
1241
1254
1277
1235
1233
1232
1234
1222
1223
1263
1282
1225
1222
1222
1267
1269
1274
1280
1264
1259
1259
1281
1136
1270
1267
1265
1264
1265
1264
1221
1247
1275
1264
1264
1264
1264
1262
1232
1282
1259
1261
1257
1263
1247
1276
1269
1280
1246
1253
1239
1275
1162
1280
1264
1261
1262
1259
1253
1255
1266
1285
1245
1243
1227
1231
1229
1263
1273
1215
1287
1273
1269
1270
1280
1287
1259
1254
1239
1239
1263
1269
1247
1247
1231
1223
1227
1225
1227
1262
1232
1269
1268
1264
1268
1271
1258
1246
1234
1235
1330
1273
1225
1264
1270
1266
1271
1268
1266
1264
1177
1282
1242
1228
1220
1219
1221
1217
1264
1283
1262
1263
1264
1261
1280
1252
1264
1266
1259
1262
1279
1267
1280
1227
1217
1211
1175
1181
1249
1136
1219
1270
1267
1267
1265
1265
1231
1280
1221
1355
1264
1264
1264
1286
1245
1243
1239
1241
1227
1277
1062
1221
1271
1273
1271
1265
1265
1239
1255
1253
1237
1238
1231
1233
1223
1218
1281
1274
1270
1232
1278
1265
1282
1255
1251
1246
1248
1242
1279
1269
1257
1237
1232
1232
1231
1306
1263
1274
1255
1259
1255
1256
1247
1246
1250
1277
1292
1275
1257
1269
1200
1276
1265
1273
1266
1266
1265
1219
1251
1232
1217
1211
1214
1213
1274
1265
1258
1246
1245
1243
1226
1230
1264
1195
1265
1270
1266
1271
1271
1089
1280
1240
1232
1232
1360
1264
1221
1237
1273
1264
1266
1264
1263
1264
1239
1277
1239
1215
1229
1271
1261
1274
1264
1264
1263
1259
1264
1278
1163
1270
1269
1267
1264
1264
1264
1261
1168
1282
1257
1253
1255
1247
1244
1242
1229
1233
1222
1219
1218
1261
1269
1264
1264
1261
1255
1252
1270
1189
1270
1263
1263
1263
1265
1264
1239
1253
1278
1259
1257
1254
1270
1277
1264
1264
1263
1263
1266
1264
1264
1277
1264
1258
1257
1258
1254
1255
1235
1248
1245
1245
1243
1232
1232
1271
1274
1230
1254
1255
1259
1238
1269
1262
1261
1262
1249
1253
1271
1197
1280
1264
1264
1264
1262
1259
1234
1137
1275
1266
1269
1271
1275
1267
1248
1219
1221
1255
1315
1219
1250
1264
1252
1235
1232
1232
1233
1266
1138
1247
1249
1234
1233
1235
1216
1227
1052
1255
1252
1254
1263
1269
1281
1265
1263
1250
1254
1253
1250
1279
1279
1219
1213
1270
1270
1264
1271
1232
1264
1264
1259
1264
1257
1259
1264
1229
1271
1242
1247
1249
1263
1237
1277
1264
1274
1273
1264
1264
1265
1279
1264
1264
1267
1259
1264
1271
1257
1280
1264
1270
1263
1266
1265
1268
1260
1258
1263
1264
1262
1267
1242
1206
1190
1264
1264
1262
1264
1257
1278
1274
1243
1249
1250
1228
1264
1264
1267
1258
1253
1239
1253
1264
1234
1235
1220
1219
1210
1214
1247
1267
1271
1264
1264
1269
1262
1277
1232
1271
1233
1232
1217
1216
1215
1239
1155
1250
1253
1253
1247
1248
1264
1264
1264
1264
1262
1262
1262
1259
1264
1261
1258
1263
1260
1255
1275
1115
1274
1238
1238
1240
1232
1188
1264
1246
1251
1248
1250
1242
1278
1271
1269
1270
1264
1238
1260
1257
1259
1264
1262
1262
1252
1261
1261
1266
1239
1211
1264
1262
1245
1264
1232
1218
1214
1214
1203
1248
1014
1200
1236
1257
1257
1258
1255
1257
1254
1261
1215
1206
1207
1254
1243
1254
1264
1257
1247
1249
1241
1243
1223
1113
1256
1253
1249
1250
1245
1242
1266
1243
1254
1248
1255
1250
1253
1264
1253
1241
1235
1237
1235
1225
1261
1264
1255
1256
1253
1246
1251
1206
1241
1263
1253
1253
1255
1248
1250
1261
1271
1259
1260
1260
1259
1262
1266
1205
1242
1232
1251
1247
1266
1186
1216
1216
1210
1216
1245
1215
1253
1262
1249
1249
1251
1251
1246
1245
1250
1263
1246
1243
1251
1235
1238
1264
1280
1253
1259
1251
1250
1210
1232
1239
1245
1242
1238
1232
1230
1229
1255
1258
1258
1257
1254
1249
1255
1253
1220
1213
1244
1252
1258
1285
1259
1252
1248
1252
1249
1250
1206
1227
1242
1243
1241
1242
1232
1227
1263
1263
1201
1262
1259
1264
1253
1261
1261
1267
1237
1261
1107
1264
1164
1263
1242
1251
1256
1255
1257
1239
1158
1263
1253
1252
1248
1248
1250
1249
1259
1232
1232
1235
1232
1216
1260
1236
1239
1234
1234
1232
1266
1201
1219
1221
1222
1221
1209
1191
1253
1205
1269
1268
1257
1251
1251
1254
1254
1233
1216
1218
1217
1252
1232
1262
1250
1247
1247
1247
1246
1195
1257
1266
1234
1234
1237
1227
1231
1254
1265
1250
1242
1239
1239
1238
1264
1258
1264
1215
1205
1204
1264
1247
1264
1248
1251
1250
1247
1248
1228
1198
1233
1238
1232
1231
1228
1226
1217
1264
1243
1239
1243
1232
1231
1264
1258
1255
1252
1249
1247
1255
1150
1251
1242
1243
1249
1244
1234
1207
1253
1207
1197
1200
1199
1253
1251
1255
1262
1247
1238
1237
1246
1254
1227
1219
1221
1217
1206
1183
1267
1258
1265
1249
1247
1235
1238
1237
1245
1263
1237
1219
1217
1216
1219
1258
1248
1265
1249
1252
1247
1250
1122
1207
1247
1286
1152
1255
1255
1269
1253
1259
1242
1243
1245
1236
1232
1254
1261
1197
1250
1254
1243
1271
1269
1212
1214
1215
1207
1264
1252
1152
1219
1210
1211
1210
1232
1298
1216
1232
1264
1232
1221
1217
1217
1219
1209
1243
1229
1229
1236
1237
1247
1266
1246
1249
1247
1247
1238
1264
1237
1264
1230
1222
1219
1221
1216
1243
1264
1250
1245
1241
1241
1244
1234
1239
1264
1217
1230
1217
1220
1223
1254
1263
1264
1250
1244
1238
1264
1245
1264
1249
1254
1249
1243
1246
1230
1181
1230
1222
1226
1218
1206
1263
1248
1237
1237
1234
1233
1257
1232
1264
1250
1237
1236
1239
1232
1254
1207
1217
1220
1215
1200
1199
1199
1198
1264
1217
1214
1234
1241
1234
1255
1234
1231
1228
1231
1227
1264
1132
1266
1241
1241
1232
1233
1232
1217
1077
1247
1242
1248
1247
1238
1232
1263
1244
1248
1242
1238
1238
1235
1258
1200
1198
1198
1232
1239
1251
1232
1262
1238
1239
1236
1229
1227
1201
1101
1261
1262
1248
1247
1247
1264
1214
1215
1213
1236
1216
1249
1196
1264
1232
1225
1223
1227
1222
1264
1191
1259
1269
1257
1253
1255
1254
1242
1207
1259
1254
1237
1239
1246
1262
1255
1243
1267
1251
1252
1250
1251
1265
1246
1248
1246
1245
1236
1259
1142
1266
1200
1200
1205
1333
1261
1237
1250
1258
1246
1247
1251
1211
1241
1263
1204
1135
1232
1229
1262
1233
1264
1258
1254
1253
1247
1248
1287
1242
1204
1254
1253
1250
1247
1260
1232
1232
1218
1220
1219
1218
1248
1257
1232
1231
1226
1222
1225
1260
1190
1265
1257
1253
1246
1247
1246
1238
1255
1255
1261
1253
1251
1246
1215
1232
1074
1251
1235
1213
1258
1245
1264
1264
1234
1215
1204
1211
1258
1243
1264
1254
1251
1247
1248
1247
1232
1230
1234
1232
1229
1223
1251
1261
1216
1216
1214
1251
1260
1261
1216
1262
1238
1231
1230
1229
1228
1265
1175
1262
1255
1257
1254
1264
1257
1261
1255
1251
1255
1253
1252
1253
1260
1200
1200
1197
1264
1253
1255
1226
1259
1254
1251
1249
1249
1246
1264
1181
1232
1232
1240
1235
1227
1257
1251
1252
1247
1255
1235
1241
1248
1263
1252
1253
1251
1255
1250
1255
1235
1264
1264
1264
1247
1245
1248
1278
1204
1201
1203
1267
1243
1250
1263
1232
1210
1207
1206
1213
1261
1254
1269
1269
1236
1229
1226
1232
1264
1255
1267
1249
1241
1222
1270
1201
1270
1229
1228
1224
1221
1213
1253
1207
1245
1243
1244
1233
1235
1235
1247
1267
1231
1239
1251
1262
1261
1267
1259
1257
1261
1261
1259
1213
1328
1254
1251
1254
1246
1235
1232
1264
1269
1262
1263
1257
1259
1254
1251
1211
1266
1259
1251
1248
1250
1250
1232
1235
1214
1215
1216
1277
1277
1277
1274
1247
1246
1245
1238
1239
1269
1268
1250
1247
1247
1241
1230
1265
1264
1272
1216
1261
1228
1265
1123
1255
1247
1244
1237
1241
1244
1242
1264
1212
1259
1273
1255
1247
1264
1242
1271
1231
1234
1232
1235
1221
1266
1090
1255
1253
1248
1247
1262
1247
1265
1246
1251
1251
1250
1249
1249
1264
1197
1204
1135
1254
1255
1250
1255
1260
1244
1245
1243
1246
1367
1265
1242
1239
1242
1242
1233
1205
1222
1248
1245
1259
1248
1246
1243
1216
1238
1251
1255
1258
1250
1253
1248
1254
1214
1200
1248
1260
1261
1219
1262
1248
1246
1247
1247
1242
1232
1249
1251
1251
1252
1250
1248
1251
1213
1264