1910
1896
1919
1910
1895
1907
1918
1898
1904
1904
1908
1915
1904
1904
1851
1903
1901
1906
1895
1904
1909
1873
1910
1915
1905
1913
1919
1883
1918
1902
1917
1904
1908
1910
1893
1907
1919
1907
1918
1918
1892
1901
1895
1919
1917
1904
1907
1908
1907
1915
1921
1921
1913
1895
1904
1907
1919
1905
1902
1904
1919
1921
1897
1901
1907
1904
1897
1911
1903
1913
1913
1920
1915
1905
1905
1905
1902
1867
1913
1840
1818
1831
1915
1901
1897
1918
1911
1902
1914
1906
1920
1904
1909
1904
1918
1855
1831
1904
1918
1918
1903
1935
1899
1897
1933
1913
1907
1911
1904
1915
1911
1906
1908
1915
1901
1915
1905
1903
1917
1904
1917
1905
1918
1915
1918
1907
1895
1913
1902
1935
1907
1913
1915
1915
1914
1924
1901
1900
1904
1919
1917
1835
1861
1914
1908
1909
1906
1917
1830
1900
1859
1886
1889
1882
1923
1914
1903
1904
1917
1918
1904
1915
1904
1921
1953
1915
1908
1903
1904
1910
1905
1919
1898
1903
1909
1918
1914
1878
1899
1890
1895
1905
1920
1909
1894
1910
1909
1899
1919
1904
1915
1904
1843
1919
1915
1899
1923
1900
1889
1915
1904
1913
1913
1918
1918
1872
1910
1916
1895
1863
1861
1874
1919
1901
1950
1904
1893
1910
1904
1909
1914
1904
1904
1877
1882
1903
1907
1890
1908
1917
1899
1904
1907
1920
1931
1915
1906
1915
1899
1904
1913
1921
1916
1927
1898
1904
1911
1908
1895
1914
1911
1841
1901
1855
1839
1893
1915
1904
1919
1906
1904
1904
1907
1897
1903
1915
1915
1921
1911
1902
1907
1916
1905
1908
1838
1838
1931
1904
1910
1907
1917
1916
1905
1914
1894
1911
1904
1899
1893
1901
1890
1838
1841
1917
1911
1919
1916
1910
1916
1917
1911
1911
1829
1834
1835
1911
1902
1910
1922
1911
1909
1917
1913
1897
1899
1904
1920
1914
1919
1909
1903
1902
1894
1908
1909
1903
1918
1924
1917
1907
1870
1870
1850
1855
1893
1901
1907
1913
1911
1913
1911
1895
1927
1922
1923
1907
1920
1907
1916
1906
1904
1958
1921
1858
1910
1917
1930
1909
1867
1872
1904
1904
1908
1834
1742
1904
1823
1820
1833
1855
1905
1921
1909
1921
1897
1859
1841
1840
1906
1898
1931
1906
1899
1921
1907
1881
1917
1899
1907
1904
1911
1904
1911
1919
1916
1913
1904
1919
1914
1904
1903
1883
1917
1919
1901
1933
1904
1917
1894
1874
1898
1910
1866
1918
1853
1911
1918
1914
1915
1913
1915
1904
1924
1905
1920
1913
1920
1906
1904
1902
1904
1909
1901
1919
1903
1915
1955
1908
1854
1906
1919
1899
1913
1901
1910
1904
1919
1903
1915
1907
1911
1907
1906
1839
1818
1920
1904
1913
1909
1911
1907
1904
1923
1923
1897
1920
1900
1904
1911
1904
1904
1889
1919
1908
1909
1904
1918
1907
1907
1872
1893
1909
1904
1900
1907
1902
1911
1905
1914
1911
1920
1918
1909
1753
1914
1904
1908
1904
1903
1883
1881
1897
1904
1886
1904
1917
1925
1911
1904
1880
1910
1918
1917
1910
1920
1955
1916
1837
1833
1911
1921
1901
1920
1917
1860
1861
1853
1873
1889
1907
1883
1907
1904
1907
1900
1901
1905
1898
1893
1806
1903
1907
1908
1907
1871
1886
1898
1905
1878
1856
1907
1905
1904
1923
1904
1910
1904
1919
1891
1913
1907
1920
1899
1911
1909
1904
1920
1851
1847
1836
1902
1915
1908
1921
1887
1840
1825
1823
1919
1911
1927
1911
1871
1879
1894
1871
1917
1915
1915
1903
1887
1894
1907
1910
1882
1901
1906
1904
1918
1904
1904
1741
1915
1904
1906
1915
1906
1926
1895
1735
1919
1899
1899
1837
1837
1847
1919
1872
1906
1911
1908
1901
1906
1891
1893
1862
1898
1895
1909
1904
1808
1921
1911
1910
1899
1903
1901
1895
1744
1911
1919
1905
1904
1918
1904
1909
1904
1888
1893
1899
1902
1847
1919
1907
1910
1907
1879
1905
1906
1887
1915
1895
1910
1904
1900
1883
1920
1904
1909
1846
1904
1920
1909
1899
1904
1920
1901
1915
1910
1919
1901
1947
1874
1886
1891
1895
1874
1917
1910
1911
1911
1900
1919
1907
1904
1916
1903
1913
1920
1913
1902
1872
1901
1857
1900
1893
1879
1895
1917
1851
1927
1920
1899
1883
1887
1827
1851
1909
1902
1894
1909
1904
1887
1872
1906
1894
1890
1909
1904
1917
1911
1953
1852
1893
1900
1884
1886
1905
1904
1916
1926
1904
1895
1904
1907
1904
1910
1904
1911
1840
1854
1904
1904
1903
1914
1904
1915
1905
1920
1894
1937
1902
1920
1904
1901
1917
1914
1909
1907
1839
1839
1851
1835
1893
1895
1913
1911
1902
1911
1909
1853
1887
1902
1904
1908
1908
1910
1902
1849
1907
1897
1899
1905
1905
1897
1840
1904
1907
1920
1915
1902
1920
1905
1903
1904
1916
1913
1906
1906
1892
1919
1914
1898
1908
1917
1903
1903
1914
1909
1909
1915
1915
1904
1911
1808
1909
1872
1853
1904
1918
1906
1904
1873
1891
1885
1831
1830
1842
1909
1874
1906
1906
1903
1913
1904
1920
1642
1895
1872
1902
1895
1882
1830
1840
1931
1905
1918
1915
1895
1843
1918
1910
1895
1910
1904
1898
1915
1906
1904
1906
1904
1915
1918
1904
1903
1916
1827
1867
1834
1891
1905
1903
1902
1904
1903
1904
1901
1921
1917
1905
1910
1915
1915
1915
1907
1906
1904
1905
1883
1874
1877
1843
1838
1915
1909
1909
1919
1905
1904
1903
1908
1919
1904
1904
1917
1919
1910
1909
1872
1911
1905
1934
1915
1906
1904
1841
1919
1904
1909
1901
1903
1889
1891
1900
1904
1898
1922
1913
1872
1786
1927
1859
1909
1910
1893
1903
1905
1889
1904
1917
1909
1920
1910
1904
1949
1914
1911
1910
1906
1919
1907
1904
1920
1927
1918
1904
1903
1915
1905
1904
1911
1883
1901
1902
1895
1910
1955
1899
1911
1910
1903
1917
1913
1887
1919
1910
1838
1915
1903
1904
1914
1851
1789
1872
1867
1909
1905
1910
1826
1904
1863
1869
1858
1919
1897
1919
1888
1842
1904
1861
1904
1909
1918
1904
1906
1907
1895
1850
1918
1856
1883
1873
1890
1877
1845
1858
1877
1911
1911
1904
1904
1897
1907
1907
1904
1891
1893
1914
1915
1904
1915
1911
1899
1895
1917
1916
1905
1916
1904
1899
1904
1895
1909
1906
1905
1917
1903
1904
1906
1890
1870
1916
1760
1909
1872
1914
1856
1904
1685
1909
1920
1904
1893
1900
1863
1889
1917
1905
1915
1901
1905
1902
1893
1904
1893
1904
1909
1911
1905
1915
1922
1901
1904
1889
1914
1872
1915
1908
1859
1840
1847
1902
1895
1915
1902
1904
1853
1843
1828
1904
1915
1910
1908
1920
1914
1915
1889
1907
1836
1918
1823
1841
1901
1900
1903
1855
1713
1915
1902
1902
1908
1903
1901
1894
1888
1904
1830
1821
1819
1923
1913
1901
1920
1914
1912
1926
1917
1740
1895
1924
1909
1904
1909
1913
1833
1728
1898
1837
1829
1901
1906
1911
1907
1893
1909
1908
1906
1904
1921
1909
1907
1911
1906
1902
1895
1904
1895
1915
1913
1911
1904
1898
1904
1910
1891
1907
1902
1904
1904
1904
1891
1903
1929
1914
1889
1890
1901
1915
1931
1907
1901
1913
1903
1899
1901
1904
1907
1858
1899
1897
1899
1904
1909
1915
1902
1890
1906
1909
1902
1909
1914
1919
1887
1907
1917
1904
1906
1910
1899
1897
1859
1862
1853
1892
1904
1906
1905
1905
1902
1913
1904
1840
1913
1901
1904
1910
1904
1893
1941
1913
1909
1913
1907
1904
1915
1907
1908
1915
1906
1907
1904
1929
1904
1905
1902
1911
1917
1925
1923
1902
1910
1909
1907
1914
1910
1906
1905
1950
1904
1909
1911
1906
1858
1906
1759
1905
1887
1897
1901
1835
1859
1886
1860
1920
1898
1895
1905
1906
1914
1895
1893
1904
1891
1887
1930
1872
1903
1892
1899
1902
1909
1895
1918
1914
1905
1905
1921
1904
1909
1901
1907
1910
1893
1918
1911
1911
1913
1917
1913
1911
1905
1908
1919
1905
1913
1907
1913
1902
1921
1902
1893
1920
1919
1904
1898
1916
1915
1903
1884
1916
1901
1903
1840
1892
1834
1855
1872
1910
1917
1909
1910
1893
1914
1729
1916
1911
1890
1898
1904
1903
1903
1910
1901
1919
1908
1901
1909
1903
1902
1874
1872
1882
1826
1907
1893
1910
1860
1858
1856
1840
1910
1905
1866
1895
1916
1911
1904
1910
1913
1907
1883
1909
1906
1897
1910
1895
1910
1901
1890
1909
1920
1904
1904
1907
1910
1904
1871
1855
1856
1862
1911
1877
1903
1902
1910
1909
1895
1899
1904
1907
1900
1838
1843
1901
1924
1888
1845
1905
1897
1897
1895
1904
1904
1915
1839
1906
1909
1920
1905
1913
1904
1899
1904
1901
1857
1850
1844
1919
1847
1840
1855
1841
1913
1904
1883
1859
1885
1844
1841
1827
1905
1885
1905
1869
1879
1916
1909
1916
1904
1894
1862
1884
1876
1906
1900
1783
1897
1919
1908
1904
1903
1907
1891
1921
1904
1869
1858
1941
1904
1905
1904
1916
1904
1911
1922
1914
1910
1885
1791
1903
1902
1910
1905
1904
1919
1904
1907
1904
1887
1906
1904
1913
1915
1911
1903
1905
1910
1907
1901
1903
1904
1897
1904
1909
1906
1901
1903
1898
1866
1869
1867
1849
1909
1879
1898
1899
1915
1914
1917
1907
1899
1920
1904
1840
1910
1905
1917
1913
1906
1903
1917
1904
1893
1900
1917
1891
1904
1904
1904
1903
1884
1901
1955
1907
1830
1847
1903
1905
1908
1898
1910
1898
1873
1867
1875
1882
1814
1906
1911
1913
1921
1913
1893
1904
1872
1814
1814
1830
1831
1904
1901
1872
1893
1906
1919
1903
1916
1916
1915
1907
1875
1875
1861
1813
1806
1904
1856
1835
1891
1904
1911
1910
1901
1906
1902
1895
1903
1883
1903
1906
1906
1898
1899
1905
1906
1889
1906
1915
1903
1904
1904
1903
1883
1919
1904
1906
1906
1901
1910
1899
1861
1887
1885
1904
1902
1897
1857
1909
1910
1898
1902
1913
1904
1904
1908
1910
1830
1891
1879
1877
1883
1840
1874
1898
1904
1904
1909
1911
1905
1825
1911
1845
1911
1872
1881
1891
1932
1845
1904
1907
1911
1904
1904
1808
1915
1909
1903
1905
1904
1905
1895
1830
1901
1890
1902
1895
1909
1904
1901
1909
1902
1904
1919
1911
1909
1905
1723
1905
1907
1905
1904
1913
1755
1918
1903
1904
1918
1930
1904
1872
1915
1904
1904
1898
1905
1905
1894
1875
1938
1891
1874
1851
1845
1866
1914
1914
1898
1918
1907
1903
1910
1915
1917
1906
1896
1897
1917
1910
1905
1881
1907
1836
1838
1902
1894
1914
1910
1913
1904
1887
1883
1903
1904
1907
1904
1907
1906
1895
1893
1861
1904
1824
1845
1856
1855
1900
1906
1890
1938
1902
1906
1909
1935
1911
1910
1827
1899
1883
1901
1889
1911
1898
1914
1915
1905
1911
1905
1894
1825
1907
1905
1907
1915
1898
1902
1908
1913
1939
1835
1858
1851
1845
1854
1911
1915
1905
1913
1926
1902
1917
1914
1907
1825
1840
1901
1901
1901
1895
1893
1895
1895
1882
1919
1904
1915
1899
1918
1917
1899
1911
1879
1919
1914
1904
1858
1856
1863
1867
1910
1907
1920
1920
1905
1914
1920
1923
1905
1904
1900
1913
1903
1901
1911
1891
1915
1911
1903
1904
1841
1899
1904
1915
1906
1908
1905
1913
1907
1904
1904
1913
1904
1904
1907
1858
1872
1907
1895
1923
1904
1922
1909
1911
1929
1907
1899
1907
1879
1872
1915
1923
1913
1914
1894
1901
1922
1917
1890
1911
1911
1916
1899
1900
1907
1901
1904
1913
1917
1906
1907
1904
1920
1907
1909
1907
1895
1905
1904
1904
1747
1910
1901
1904
1909
1904
1879
1899
1746
1904
1898
1899
1905
1906
1893
1889
1910
1904
1910
1909
1918
1904
1911
1909
1898
1904
1896
1885
1919
1904
1913
1886
1887
1904
1894
1862
1895
1877
1919
1919
1920
1921
1904
1869
1911
1910
1900
1908
1904
1901
1909
1907
1920
1914
1919
1913
1898
1899
1920
1903
1904
1893
1903
1889
1836
1918
1870
1887
1849
1840
1822
1841
1943
1911
1907
1901
1917
1904
1920
1902
1915
1905
1917
1910
1904
1915
1891
1905
1899
1902
1904
1903
1921
1904
1893
1904
1830
1831
1815
1921
1898
1909
1904
1906
1913
1895
1895
1907
1904
1904
1920
1901
1906
1905
1904
1906
1895
1912
1910
1911
1911
1904
1878
1891
1902
1904
1898
1904
1881
1904
1907
1905
1904
1902
1913
1901
1903
1802
1898
1915
1897
1917
1903
1897
1901
1853
1913
1849
1885
1869
1854
1946
1903
1904
1898
1905
1929
1904
1861
1925
1901
1908
1915
1909
1919
1904
1907
1908
1895
1899
1898
1904
1909
1904
1876
1923
1898
1904
1893
1873
1919
1831
1847
1866
1905
1861
1911
1904
1905
1837
1834
1904
1905
1905
1903
1903
1916
1913
1897
1906
1904
1900
1906
1903
1910
1904
1892
1894
1886
1906
1902
1914
1923
1907
1903
1897
1664
1905
1872
1872
1898
1901
1907
1904
1831
1916
1885
1911
1903
1893
1867
1859
1885
1875
1872
1877
1904
1903
1916
1904
1917
1909
1905
1891
1919
1876
1915
1931
1893
1903
1890
1897
1909
1918
1913
1904
1915
1918
1846
1895
1909
1907
1904
1902
1918
1906
1906
1898
1921
1897
1919
1904
1902
1904
1907
1904
1904
1901
1914
1892
1840
1904
1915
1903
1905
1906
1885
1873
1907
1906
1889
1891
1899
1906
1903
1762
1909
1901
1903
1904
1914
1919
1826
1907
1907
1920
1914
1913
1884
1913
1901
1909
1914
1901
1901
1889
1893
1934
1906
1901
1891
1915
1904
1919
1905
1901
1871
1877
1884
1850
1859
1895
1908
1925
1904
1906
1904
1901
1861
1919
1919
1914
1904
1918
1926
1904
1905
1903
1893
1901
1883
1894
1915
1905
1905
1910
1904
1909
1897
1890
1917
1907
1920
1905
1892
1895
1887
1957
1903
1886
1913
1905
1899
1897
1909
1905
1917
1908
1902
1915
1902
1895
1914
1903
1911
1907
1895
1895
1904
1913
1910
1911
1907
1901
1887
1902
1934
1904
1921
1904
1932
1913
1902
1904
1915
1889
1904
1899
1911
1895
1904
1904
1907
1920
1901
1904
1909
1887
1898
1910
1905
1904
1909
1903
1890
1916
1840
1894
1920
1905
1920
1904
1731
1915
1883
1872
1918
1914
1731
1920
1901
1907
1904
1917
1906
1903
1916
1915
1910
1904
1909
1905
1909
1904
1907
1906
1899
1899
1906
1899
1902
1905
1897
1917
1919
1909
1918
1876
1904
1904
1907
1918
1919
1902
1899
1853
1862
1883
1918
1887
1907
1903
1914
1908
1862
1909
1915
1918
1904
1919
1903
1918
1903
1909
1920
1855
1712
1895
1889
1905
1890
1906
1834
1833
1919
1915
1917
1900
1915
1904
1921
1903
1921
1907
1921
1915
1915
1744
1910
1911
1885
1879
1872
1887
1825
1870
1904
1908
1904
1907
1907
1915
1900
1920
1921
1867
1895
1904
1910
1923
1901
1909
1904
1904
1907
1911
1907
1913
1895
1903
1902
1890
1882
1924
1915
1909
1928
1889
1908
1899
1911
1905
1898
1921
1911
1907
1910
1897
1905
1917
1907
1909
1919
1917
1923
1859
1913
1905
1904
1904
1911
1910
1905
1877
1878
1891
1887
1870
1874
1855
1913
1911
1897
1902
1904
1904
1825
1904
1904
1903
1913
1913
1917
1904
1907
1919
1899
1874
1831
1837
1834
1841
1957
1856
1900
1919
1903
1903
1904
1912
1908
1904
1901
1902
1919
1872
1851
1878
1824
1841
1809
1841
1917
1826
1907
1903
1920
1909
1904
1904
1873
1921
1901
1903
1906
1857
1890
1921
1904
1911
1897
1911
1904
1911
1903
1910
1916
1908
1910
1905
1903
1904
1710
1923
1911
1905
1893
1904
1883
1883
1909
1911
1907
1905
1914
1911
1904
1920
1903
1904
1904
1918
1904
1920
1909
1904
1903
1917
1913
1914
1904
1935
1904
1877
1867
1851
1872
1904
1904
1919
1923
1903
1904
1902
1915
1920
1902
1893
1892
1886
1879
1911
1899
1905
1911
1901
1909
1911
1915
1902
1910
1906
1915
1908
1891
1811
1895
1911
1907
1901
1888
1887
1900
1859
1911
1904
1925
1909
1914
1915
1902
1803
1911
1904
1930
1886
1888
1903
1896
1920
1905
1905
1920
1919
1920
1914
1915
1904
1898
1904
1919
1904
1903
1906
1904
1910
1907
1907
1913
1906
1896
1911
1911
1923
1900
1899
1855
1923
1908
1915
1903
1905
1904
1931
1936
1901
1914
1910
1905
1904
1918
1904
1920
1909
1910
1907
1900
1923
1891
1876
1904
1908
1900
1917
1858
1921
1904
1905
1919
1894
1908
1905
1883
1895
1888
1891
1904
1858
1854
1904
1889
1904
1906
1915
1897
1891
1904
1904
1926
1907
1913
1906
1909
1904
1943
1872
1889
1894
1893
1854
1900
1914
1903
1888
1901
1911
1918
1906
1915
1907
1903
1901
1913
1911
1904
1793
1919
1898
1920
1909
1894
1911
1903
1902
1895
1917
1901
1889
1905
1922
1872
1920
1825
1920
1903
1899
1906
1889
1875
1904
1899
1872
1872
1911
1936
1903
1904
1907
1910
1910
1911
1904
1908
1911
1902
1923
1910
1893
1913
1904
1919
1905
1914
1904
1891
1905
1904
1911
1915
1906
1915
1907
1922
1939
1904
1902
1904
1901
1885
1886
1905
1907
1904
1818
1819
1825
1834
1917
1851
1904
1904
1904
1904
1847
1719
1915
1907
1909
1905
1901
1895
1890
1904
1853
1861
1872
1915
1913
1920
1796
1909
1903
1902
1905
1901
1914
1875
1910
1898
1908
1820
1876
1894
1918
1910
1855
1855
1845
1855
1909
1911
1919
1882
1905
1909
1905
1911
1902
1869
1910
1909
1895
1899
1902
1891
1911
1884
1856
1850
1854
1879
1904
1891
1906
1911
1903
1894
1911
1917
1902
1905
1895
1890
1915
1834
1840
1917
1904
1919
1907
1911
1899
1905
1911
1878
1835
1825
1831
1819
1897
1904
1917
1872
1904
1904
1904
1906
1906
1903
1911
1897
1904
1904
1919
1918
1915
1904
1904
1901
1904
1895
1901
1904
1893
1904
1910
1915
1899
1867
1862
1913
1899
1899
1914
1909
1918
1915
1919
1918
1904
1899
1911
1906
1894
1899
1822
1824
1830
1818
1894
1895
1905
1904
1915
1907
1904
1904
1923
1894
1898
1915
1905
1904
1910
1916
1897
1911
1912
1909
1904
1903
1911
1857
1903
1911
1914
1921
1907
1904
1906
1893
1909
1904
1884
1914
1917
1925
1910
1906
1902
1897
1895
1878
1887
1904
1855
1905
1904
1914
1904
1905
1891
1914
1895
1904
1902
1909
1904
1906
1945
1903
1935
1918
1905
1905
1901
1911
1904
1901
1913
1913
1909
1910
1916
1894
1904
1911
1910
1911
1889
1712
1890
1907
1906
1909
1914
1904
1905
1919
1876
1863
1859
1867
1867
1920
1904
1911
1904
1858
1904
1904
1746
1905
1904
1933
1919
1906
1916
1871
1887
1843
1872
1871
1885
1874
1915
1903
1897
1904
1891
1895
1904
1903
1906
1914
1899
1868
1863
1877
1900
1925
1930
1901
1904
1907
1913
1908
1918
1951
1907
1920
1893
1909
1898
1899
1888
1926
1899
1876
1871
1843
1833
1911
1891
1902
1909
1899
1883
1897
1905
1919
1903
1899
1915
1902
1907
1893
1947
1910
1909
1898
1914
1904
1905
1904
1919
1904
1883
1909
1911
1918
1902
1894
1897
1919
1905
1891
1903
1907
1909
1904
1910
1902
1911
1911
1913
1920
1906
1904
1833
1827
1838
1913
1905
1907
1921
1915
1910
1922
1728
1902
1918
1904
1914
1907
1900
1862
1796
1902
1901
1904
1906
1899
1906
1914
1915
1930
1904
1905
1918
1906
1909
1913
1904
1918
1914
1905
1909
1903
1907
1893
1851
1901
1866
1863
1908
1850
1894
1915
1894
1904
1902
1893
1871
1904
1898
1862
1843
1916
1907
1904
1892
1904
1923
1898
1909
1903
1878
1905
1819
1812
1893
1905
1919
1902
1911
1903
1904
1898
1893
1906
1905
1890
1897
1905
1906
1907
1911
1899
1921
1908
1904
1910
1909
1904
1904
1903
1898
1905
1907
1903
1922
1897
1913
1924
1924
1918
1906
1903
1920
1916
1862
1866
1862
1840
1865
1911
1901
1922
1919
1906
1902
1899
1915
1815
1886
1921
1895
1866
1872
1872
1876
1899
1917
1899
1838
1878
1898
1903
1919
1904
1898
1906
1914
1905
1904
1917
1903
1916
1903
1918
1908
1907
1904
1935
1841
1867
1861
1856
1874
1895
1854
1909
1898
1891
1899
1901
1921
1915
1891
1913
1909
1904
1897
1904
1922
1920
1903
1919
1907
1891
1920
1904
1921
1904
1892
1918
1911
1906
1893
1903
1904
1900
1892
1871
1915
1872
1910
1895
1914
1903
1892
1904
1918
1892
1904
1900
1871
1841
1840
1847
1829
1899
1904
1917
1910
1899
1899
1904
1918
1906
1904
1914
1903
1899
1903
1903
1923
1903
1907
1906
1898
1890
1916
1915
1834
1824
1921
1919
1909
1903
1906
1895
1917
1904
1915
1907
1900
1909
1881
1898
1893
1821
1903
1854
1900
1840
1899
1894
1898
1910
1901
1916
1913
1911
1911
1867
1904
1914
1904
1906
1914
1917
1904
1905
1904
1901
1893
1870
1856
1861
1855
1911
1907
1931
1904
1899
1904
1903
1930
1911
1914
1897
1904
1914
1920
1910
1917
1835
1914
1917
1919
1904
1919
1914
1898
1905
1909
1911
1898
1902
1935
1872
1898
1847
1866
1859
1904
1693
1906
1914
1920
1901
1913
1907
1851
1907
1843
1834
1819
1833
1899
1914
1910
1903
1914
1904
1911
1924
1893
1877
1878
1911
1909
1899
1914
1886
1875
1921
1904
1900
1904
1899
1909
1909
1920
1881
1882
1876
1913
1879
1907
1919
1917
1922
1904
1887
1869
1872
1905
1799
1891
1902
1907
1891
1921
1939
1908
1893
1895
1905
1907
1910
1898
1892
1914
1918
1917
1901
1904
1919
1725
1907
1907
1903
1911
1904
1866
1905
1907
1904
1903
1908
1900
1910
1910
1890
1905
1890
1906
1865
1909
1926
1904
1913
1909
1922
1907
1903
1911
1870
1923
1907
1909
1917
1893
1873
1831
1856
1904
1900
1902
1901
1905
1904
1910
1909
1903
1893
1911
1904
1908
1914
1914
1901
1892
1905
1907
1909
1906
1914
1906
1904
1904
1885
1786
1907
1919
1921
1909
1905
1919
1839
1906
1911
1872
1872
1871
1863
1911
1895
1917
1910
1829
1811
1913
1892
1903
1895
1915
1901
1893
1897
1904
1755
1846
1872
1894
1879
1891
1914
1918
1913
1893
1884
1883
1875
1889
1915
1843
1917
1892
1884
1911
1901
1898
1909
1888
1878
1878
1883
1838
1903
1920
1910
1893
1913
1906
1897
1897
1908
1904
1919
1910
1902
1904
1902
1905
1931
1910
1915
1908
1920
1837
1739
1901
1897
1891
1885
1874
1885
1877
1899
1931
1897
1901
1899
1917
1897
1929
1916
1910
1904
1890
1903
1807
1904
1890
1882
1895
1822
1828
1878
1883
1902
1904
1904
1902
1899
1894
1907
1899
1914
1913
1902
1922
1917
1914
1913
1905
1894
1915
1917
1907
1911
1915
1907
1909
1898
1911
1899
1905
1922
1887
1910
1893
1892
1908
1919
1902
1904
1918
1873
1891
1885
1909
1911
1840
1904
1855
1849
1840
1903
1904
1917
1904
1872
1865
1858
1872
1907
1907
1911
1904
1902
1893
1888
1901
1901
1903
1897
1872
1909
1907
1902
1905
1902
1909
1902
1903
1910
1911
1883
1915
1898
1911
1909
1898
1869
1906
1905
1897
1879
1893
1903
1893
1898
1894
1897
1926
1913
1903
1911
1893
1916
1905
1917
1907
1908
1922
1889
1936
1903
1891
1881
1872
1871
1889
1956
1910
1909
1915
1906
1909
1890
1906
1911
1915
1910
1905
1902
1891
1829
1909
1911
1909
1917
1904
1910
1906
1883
1915
1903
1904
1920
1905
1902
1898
1917
1904
1899
1911
1898
1893
1917
1903
1910
1901
1904
1919
1920
1877
1904
1909
1904
1913
1904
1899
1914
1903
1913
1873
1875
1886
1874
1904
1905
1909
1911
1829
1824
1907
1904
1906
1904
1894
1897
1899
1904
1901
1910
1907
1842
1909
1902
1911
1904
1901
1918
1915
1904
1895
1871
1883
1896
1857
1861
1850
1855
1856
1900
1891
1897
1911
1904
1904
1886
1901
1827
1949
1866
1835
1831
1819
1835
1912
1903
1925
1910
1901
1904
1905
1904
1917
1889
1913
1910
1908
1900
1908
1861
1904
1903
1909
1891
1904
1904
1909
1902
1902
1895
1899
1898
1913
1904
1898
1895
1908
1888
1887
1894
1899
1913
1904
1919
1893
1908
1897
1914
1725
1904
1910
1904
1892
1915
1894
1905
1915
1907
1902
1910
1901
1907
1907
1900
1888
1851
1854
1845
1911
1906
1913
1915
1892
1903
1917
1917
1893
1911
1889
1885
1855
1857
1850
1860
1911
1907
1846
1854
1903
1897
1904
1906
1907
1901
1905
1926
1914
1891
1902
1908
1910
1900
1906
1904
1904
1904
1891
1904
1904
1903
1912
1907
1917
1905
1901
1913
1908
1889
1893
1904
1905
1907
1899
1881
1873
1875
1926
1840
1905
1905
1895
1895
1887
1883
1881
1941
1915
1906
1913
1906
1917
1911
1890
1898
1890
1914
1898
1919
1904
1916
1889
1878
1882
1873
1887
1910
1857
1887
1854
1842
1841
1839
1904
1910
1895
1907
1902
1906
1905
1904
1904
1909
1906
1901
1901
1908
1909
1903
1913
1887
1858
1855
1872
1853
1911
1863
1900
1921
1923
1904
1909
1917
1911
1865
1871
1862
1898
1904
1898
1916
1915
1904
1905
1914
1899
1918
1913
1901
1886
1879
1867
1857
1899
1877
1950
1873
1842
1845
1872
1927
1931
1919
1907
1893
1916
1909
1905
1911
1904
1918
1915
1904
1904
1921
1913
1907
1895
1891
1885
1879
1834
1846
1907
1872
1904
1913
1799
1941
1907
1921
1913
1915
1905
1919
1903
1913
1890
1914
1899
1892
1904
1905
1905
1917
1778
1906
1867
1858
1891
1904
1903
1904
1903
1893
1913
1897
1910
1906
1904
1898
1909
1893
1907
1904
1904
1904
1902
1913
1904
1902
1918
1911
1915
1873
1917
1893
1869
1907
1910
1881
1917
1886
1893
1913
1889
1901
1900
1904
1900
1906
1905
1903
1904
1902
1898
1904
1835
1910
1904
1904
1909
1920
1878
1850
1895
1842
1840
1883
1920
1909
1899
1889
1904
1898
1834
1840
1901
1900
1897
1895
1891
1890
1908
1827
1908
1897
1904
1889
1883
1882
1927
1899
1885
1891
1904
1902
1873
1861
1913
1847
1845
1853
1907
1902
1894
1904
1901
1873
1871
1853
1855
1903
1903
1904
1893
1909
1897
1904
1845
1911
1904
1902
1904
1892
1902
1903
1905
1905
1904
1911
1905
1906
1899
1895
1900
1917
1888
1919
1919
1908
1910
1865
1913
1891
1902
1898
1902
1931
1918
1907
1899
1899
1920
1895
1913
1906
1906
1897
1911
1899
1904
1906
1921
1830
1861
1869
1901
1861
1908
1916
1910
1915
1915
1904
1909
1863
1920
1875
1845
1847
1911
1895
1917
1915
1902
1920
1853
1856
1846
1847
1906
1912
1914
1907
1899
1918
1917
1861
1917
1919
1914
1907
1901
1911
1897
1924
1894
1895
1887
1839
1835
1839
1895
1917
1881
1889
1877
1829
1837
1903
1891
1905
1906
1919
1902
1915
1792
1913
1904
1904
1904
1916
1909
1903
1869
1915
1911
1920
1913
1909
1904
1875
1902
1899
1914
1910
1924
1917
1913
1894
1905
1911
1911
1914
1919
1942
1904
1911
1905
1902
1891
1907
1899
1894
1893
1900
1903
1899
1899
1919
1910
1905
1906
1904
1899
1911
1778
1920
1899
1877
1875
1858
1898
1872
1953
1902
1889
1904
1903
1909
1921
1902
1920
1901
1891
1872
1861
1872
1919
1891
1902
1903
1898
1918
1906
1877
1916
1898
1921
1901
1910
1887
1885
1907
1905
1909
1906
1891
1917
1906
1895
1898
1907
1919
1904
1911
1905
1914
1906
1922
1899
1904
1904
1921
1922
1915
1907
1906
1901
1914
1913
1907
1910
1909
1915
1919
1895
1904
1909
1915
1910
1895
1911
1904
1901
1904
1917
1901
1883
1897
1907
1916
1909
1767
1904
1906
1916
1915
1903
1905
1903
1854
1897
1862
1904
1901
1919
1894
1904
1904
1897
1925
1903
1904
1807
1915
1904
1913
1891
1920
1909
1904
1775
1911
1872
1890
1903
1899
1919
1906
1919
1907
1901
1905
1921
1910
1907
1919
1904
1910
1901
1917
1898
1843
1903
1900
1901
1907
1904
1891
1917
1746
1907
1901
1904
1919
1913
1904
1831
1905
1922
1918
1906
1907
1898
1902
1883
1904
1904
1904
1927
1909
1791
1913
1906
1904
1895
1908
1903
1913
1723
1914
1906
1895
1904
1904
1910
1910
1904
1895
1904
1915
1904
1908
1913
1903
1905
1902
1905
1893
1904
1939
1858
1876
1904
1851
1856
1893
1910
1891
1911
1904
1904
1911
1904
1902
1921
1843
1856
1904
1902
1905
1904
1907
1904
1904
1909
1904
1914
1914
1954
1911
1894
1904
1909
1905
1892
1904
1899
1869
1911
1887
1903
1861
1926
1902
1855
1847
1846
1840
1895
1914
1904
1901
1915
1911
1899
1913
1894
1823
1919
1789
1893
1904
1895
1907
1915
1922
1920
1902
1914
1910
1915
1913
1907
1918
1907
1903
1904
1904
1890
1920
1894
1887
1904
1906
1904
1920
1909
1906
1902
1891
1907
1898
1901
1904
1910
1920
1909
1917
1898
1905
1911
1910
1903
1904
1911
1902
1885
1897
1911
1902
1904
1914
1893
1911
1915
1902
1904
1910
1911
1898
1913
1904
1906
1910
1904
1906
1923
1903
1899
1907
1903
1908
1900
1909
1904
1917
1914
1911
1907
1909
1893
1914
1917
1914
1840
1853
1859
1866
1904
1904
1906
1897
1899
1904
1870
1844
1908
1779
1899
1891
1914
1913
1871
1900
1909
1834
1911
1906
1904
1842
1911
1885
1921
1911
1904
1926
1919
1899
1859
1899
1914
1905
1904
1915
1909
1914
1883
1905
1895
1901
1905
1904
1892
1886
1907
1909
1891
1895
1904
1904
1913
1901
1826
1829
1903
1909
1905
1911
1917
1911
1839
1817
1911
1920
1918
1934
1926
1909
1922
1897
1909
1913
1915
1888
1904
1847
1833
1837
1840
1909
1911
1913
1905
1911
1904
1914
1918
1905
1926
1889
1904
1915
1916
1906
1934
1902
1856
1853
1827
1903
1819
1922
1914
1895
1918
1906
1910
1905
1905
1898
1887
1883
1890
1904
1893
1875
1915
1914
1893
1899
1915
1891
1855
1919
1907
1907
1907
1909
1889
1918
1918
1909
1901
1898
1898
1904
1835
1923
1916
1911
1909
1909
1917
1899
1899
1909
1921
1911
1915
1904
1952
1924
1904
1894
1904
1895
1904
1902
1914
1906
1908
1899
1895
1909
1899
1897
1911
1840
1831
1828
1840
1839
1910
1910
1917
1899
1891
1910
1923
1907
1909
1889
1858
1879
1871
1901
1892
1904
1904
1915
1901
1904
1901
1913
1904
1901
1919
1901
1913
1904
1900
1903
1895
1909
1907
1911
1910
1837
1914
1904
1899
1909
1920
1898
1911
1823
1891
1908
1904
1905
1899
1906
1917
1906
1916
1899
1901
1902
1918
1927
1904
1891
1894
1900
1920
1904
1911
1803
1910
1881
1891
1840
1825
1838
1904
1904
1891
1911
1898
1897
1907
1920
1879
1902
1902
1899
1900
1908
1713
1915
1926
1904
1914
1915
1909
1875
1904
1917
1914
1899
1917
1901
1895
1904
1907
1915
1914
1901
1904
1907
1902
1915
1904
1908
1917
1904
1911
1922
1915
1904
1917
1904
1911
1904
1907
1911
1904
1893
1897
1909
1904
1915
1904
1901
1909
1905
1908
1907
1678
1921
1905
1905
1915
1893
1899
1842
1763
1904
1904
1889
1895
1874
1883
1898
1919
1902
1909
1906
1915
1899
1920
1706
1828
1904
1901
1872
1913
1810
1904
1902
1905
1905
1905
1897
1845
1717
1861
1858
1930
1879
1909
1911
1911
1911
1904
1904
1919
1907
1907
1901
1907
1908
1904
1911
1904
1915
1920
1909
1843
1927
1920
1914
1910
1909
1907
1895
1874
1891
1870
1889
1904
1916
1908
1911
1866
1904
1916
1903
1915
1907
1905
1897
1904
1911
1893
1927
1907
1851
1906
1907
1903
1920
1879
1905
1904
1909
1903
1852
1867
1856
1904
1904
1909
1904
1904
1927
1922
1915
1839
1854
1905
1901
1906
1904
1917
1919
1905
1907
1904
1874
1854
1917
1906
1911
1903
1913
1914
1918
1907
1918
1901
1895
1915
1913
1917
1943
1908
1910
1909
1911
1921
1904
1915
1905
1885
1905
1895
1901
1910
1911
1890
1905
1905
1874
1871
1863
1917
1904
1907
1904
1900
1905
1910
1915
1856
1909
1908
1910
1911
1919
1910
1890
1840
1895
1909
1907
1899
1909
1884
1866
1905
1845
1847
1841
1898
1906
1903
1903
1904
1930
1897
1884
1919
1903
1879
1910
1906
1903
1895
1904
1911
1914
1924
1904
1906
1904
1908
1898
1906
1863
1841
1920
1910
1911
1915
1905
1907
1911
1917
1902
1897
1920
1902
1904
1894
1856
1851
1887
1900
1927
1898
1900
1915
1913
1913
1912
1906
1853
1845
1857
1853
1847
1910
1876
1914
1877
1875
1799
1895
1895
1904
1906
1844
1904
1905
1903
1916
1907
1901
1905
1904
1907
1904
1915
1907
1905
1909
1901
1877
1895
1883
1895
1905
1920
1910
1918
1904
1910
1899
1907
1891
1907
1915
1903
1892
1898
1904
1910
1907
1904
1919
1907
1904
1915
1900
1911
1895
1916
1911
1894
1911
1904
1901
1907
1903
1911
1900
1906
1901
1801
1902
1905
1904
1906
1895
1917
1917
1899
1891
1904
1899
1913
1872
1915
1904
1904
1905
1913
1915
1914
1930
1898
1904
1887
1906
1930
1904
1903
1915
1911
1910
1912
1905
1885
1909
1907
1839
1882
1872
1857
1911
1875
1909
1915
1899
1902
1902
1903
1910
1902
1920
1887
1904
1876
1910
1902
1904
1914
1900
1906
1901
1911
1857
1909
1895
1907
1915
1905
1903
1911
1926
1915
1901
1904
1904
1894
1904
1885
1907
1901
1913
1901
1911
1914
1904
1919
1902
1909
1899
1891
1904
1902
1903
1898
1915
1895
1890
1906
1913
1918
1839
1904
1903
1901
1916
1911
1911
1908
1898
1904
1895
1898
1911
1909
1847
1910
1900
1897
1904
1915
1876
1916
1836
1911
1905
1913
1914
1903
1903
1863
1898
1904
1845
1901
1915
1907
1907
1895
1901
1891
1907
1868
1904
1902
1917
1891
1904
1911
1909
1701
1921
1898
1898
1891
1898
1899
1825
1759
1923
1902
1915
1908
1885
1905
1853
1891
1904
1916
1904
1914
1925
1899
1913
1897
1899
1904
1904
1909
1873
1903
1905
1911
1897
1906
1918
1902
1845
1841
1822
1842
1905
1909
1910
1908
1923
1858
1841
1845
1840
1904
1917
1905
1904
1903
1904
1901
1904
1925
1907
1904
1903
1904
1904
1911
1898
1917
1903
1904
1906
1915
1915
1914
1907
1905
1889
1904
1920
1913
1877
1901
1859
1859
1850
1936
1812
1910
1904
1904
1913
1914
1901
1916
1898
1840
1904
1915
1920
1894
1913
1911
1915
1882
1911
1905
1901
1920
1904
1878
1894
1843
1840
1840
1907
1909
1919
1901
1908
1909
1904
1907
1904
1911
1911
1891
1905
1901
1903
1908
1901
1907
1901
1907
1901
1899
1909
1909
1703
1904
1917
1893
1904
1910
1797
1917
1897
1905
1933
1917
1909
1840
1818
1917
1910
1899
1910
1904
1903
1908
1903
1903
1911
1904
1906
1901
1917
1933
1838
1918
1910
1909
1911
1914
1904
1906
1913
1920
1909
1915
1916
1916
1900
1857
1840
1871
1917
1917
1904
1903
1904
1903
1901
1910
1779
1920
1892
1833
1831
1900
1909
1842
1904
1828
1903
1917
1904
1913
1909
1892
1929
1899
1914
1917
1908
1910
1897
1799
1907
1856
1903
1885
1911
1857
1899
1906
1891
1916
1911
1899
1877
1915
1920
1909
1909
1904
1911
1900
1920
1902
1917
1904
1908
1894
1907
1905
1849
1872
1821
1885
1919
1903
1917
1910
1889
1878
1902
1893
1837
1902
1903
1907
1904
1890
1909
1909
1909
1905
1905
1899
1912
1919
1910
1902
1917
1892
1834
1830
1820
1837
1905
1897
1915
1904
1907
1904
1930
1903
1906
1908
1901
1904
1904
1918
1891
1904
1913
1902
1907
1904
1904
1905
1872
1904
1893
1904
1913
1914
1909
1895
1921
1913
1888
1883
1873
1879
1819
1904
1915
1904
1912
1907
1894
1919
1903
1937
1907
1903
1895
1904
1909
1905
1906
1899
1911
1911
1904
1889
1899
1898
1901
1895
1905
1893
1904
1883
1871
1910
1908
1905
1910
1900
1907
1917
1889
1900
1851
1840
1840
1904
1879
1904
1903
1894
1909
1914
1901
1903
1890
1902
1920
1913
1915
1904
1909
1910
1919
1920
1909
1899
1886
1878
1904
1911
1909
1919
1907
1901
1915
1906
1837
1904
1904
1918
1909
1904
1907
1909
1898
1910
1903
1903
1904
1917
1872
1871
1907
1912
1907
1918
1879
1894
1913
1894
1906
1915
1903
1901
1891
1914
1913
1895
1910
1919
1894
1913
1899
1899
1875
1819
1840
1866
1904
1905
1902
1907
1908
1893
1915
1778
1897
1907
1889
1910
1904
1907
1873
1731
1902
1916
1858
1861
1861
1863
1904
1909
1893
1906
1909
1913
1908
1923
1914
1913
1892
1874
1873
1918
1907
1904
1908
1902
1834
1823
1834
1906
1872
1912
1875
1902
1900
1910
1904
1869
1805
1905
1910
1904
1919
1879
1909
1904
1904
1909
1911
1904
1909
1914
1915
1901
1904
1903
1906
1909
1915
1890
1904
1904
1901
1889
1907
1914
1930
1912
1902
1915
1913
1917
1889
1902
1903
1898
1890
1856
1872
1890
1904
1904
1903
1901
1907
1914
1903
1899
1841
1897
1885
1851
1840
1904
1906
1911
1899
1902
1905
1907
1919
1904
1903
1917
1891
1905
1910
1899
1903
1910
1893
1831
1834
1830
1886
1915
1915
1915
1924
1903
1907
1909
1904
1904
1904
1901
1911
1904
1904
1898
1765
1921
1903
1901
1894
1911
1910
1882
1663
1894
1857
1909
1874
1910
1909
1918
1891
1889
1885
1891
1904
1872
1904
1935
1904
1899
1905
1918
1901
1905
1907
1913
1911
1905
1910
1905
1903
1915
1904
1909
1894
1878
1908
1915
1896
1907
1903
1885
1893
1916
1883
1904
1840
1841
1904
1918
1904
1904
1915
1872
1861
1862
1901
1904
1913
1915
1911
1902
1905
1904
1897
1827
1899
1914
1878
1887
1879
1882
1899
1894
1915
1894
1903
1908
1913
1910
1898
1778
1915
1910
1911
1904
1892
1914
1905
1910
1904
1903
1909
1914
1902
1914
1906
1890
1911
1910
1914
1907
1951
1911
1898
1894
1919
1907
1910
1899
1904
1898
1904
1904
1893
1913
1909
1839
1907
1903
1915
1914
1905
1872
1906
1913
1919
1897
1904
1899
1910
1904
1911
1903
1902
1901
1890
1918
1907
1899
1904
1872
1867
1862
1873
1915
1890
1902
1903
1855
1849
1905
1869
1904
1914
1910
1919
1898
1906
1893
1904
1903
1901
1893
1920
1923
1911
1856
1936
1911
1901
1903
1929
1901
1913
1909
1910
1898
1905
1914
1919
1905
1910
1903
1895
1897
1875
1863
1895
1827
1830
1834
1908
1920
1895
1885
1904
1904
1906
1895
1891
1909
1883
1910
1875
1893
1885
1898
1898
1913
1913
1917
1910
1901
1894
1931
1755
1904
1903
1907
1904
1913
1895
1893
1902
1906
1905
1904
1909
1922
1901
1899
1907
1885
1895
1904
1907
1904
1916
1835
1910
1914
1903
1904
1897
1904
1904
1918
1872
1879
1879
1871
1909
1910
1914
1901
1902
1904
1899
1910
1872
1907
1903
1923
1906
1899
1934
1920
1889
1897
1897
1879
1831
1850
1907
1915
1855
1866
1861
1847
1918
1904
1907
1841
1843
1857
1841
1853
1902
1927
1919
1909
1831
1891
1897
1856
1911
1911
1920
1897
1914
1911
1863
1905
1904
1919
1915
1895
1914
1913
1889
1918
1872
1859
1863
1867
1922
1921
1905
1914
1918
1903
1900
1914
1801
1897
1894
1912
1916
1905
1909
1914
1855
1898
1906
1898
1904
1907
1899
1870
1906
1921
1920
1918
1898
1874
1906
1896
1914
1908
1917
1909
1911
1919
1917
1914
1909
1898
1897
1867
1901
1776
1837
1904
1917
1915
1920
1898
1887
1903
1888
1894
1847
1903
1826
1907
1874
1856
1855
1904
1904
1915
1903
1901
1893
1904
1901
1903
1913
1917
1909
1904
1905
1900
1887
1908
1901
1913
1914
1909
1894
1879
1905
1728
1918
1881
1890
1818
1833
1835
1898
1905
1913
1911
1905
1917
1904
1904
1881
1909
1905
1915
1907
1914
1879
1923
1899
1902
1911
1905
1901
1901
1905
1899
1917
1904
1914
1902
1910
1904
1902
1898
1904
1894
1847
1841
1839
1885
1921
1834
1905
1835
1904
1936
1905
1911
1911
1903
1920
1899
1904
1901
1901
1904
1904
1909
1918
1911
1905
1924
1915
1919
1910
1898
1907
1910
1909
1911
1905
1902
1904
1910
1874
1924
1902
1917
1903
1916
1906
1904
1871
1911
1881
1890
1923
1902
1908
1918
1908
1909
1914
1898
1917
1850
1903
1923
1902
1904
1904
1899
1904
1861
1923
1903
1907
1918
1901
1910
1898
1907
1903
1891
1869
1861
1857
1911
1918
1933
1895
1894
1891
1910
1867
1903
1904
1866
1901
1907
1901
1927
1856
1899
1845
1857
1911
1898
1907
1888
1894
1907
1877
1898
1818
1839
1914
1907
1906
1904
1910
1904
1906
1877
1914
1887
1847
1843
1849
1842
1899
1877
1898
1895
1862
1859
1898
1889
1906
1890
1901
1908
1862
1899
1910
1913
1914
1911
1894
1897
1898
1909
1914
1918
1890
1904
1906
1902
1919
1922
1904
1913
1893
1902
1903
1885
1873
1919
1905
1903
1893
1895
1893
1901
1911
1905
1916
1906
1903
1907
1903
1748
1926
1910
1902
1903
1900
1905
1904
1905
1823
1904
1911
1906
1921
1915
1918
1909
1915
1918
1911
1892
1857
1920
1915
1904
1904
1899
1917
1894
1921
1918
1907
1917
1898
1915
1907
1893
1715
1903
1907
1877
1870
1903
1913
1907
1894
1899
1900
1893
1919
1943
1906
1905
1903
1894
1915
1904
1901
1910
1879
1847
1840
1823
1839
1909
1902
1919
1899
1902
1917
1911
1938
1897
1888
1915
1919
1911
1899
1904
1924
1896
1911
1904
1923
1919
1904
1901
1915
1919
1911
1898
1919
1836
1912
1830
1834
1904
1907
1903
1904
1872
1903
1907
1914
1904
1904
1909
1919
1742
1910
1914
1898
1919
1905
1904
1857
1778
1839
1907
1911
1920
1895
1835
1831
1900
1905
1904
1918
1917
1903
1921
1902
1902
1904
1911
1920
1918
1899
1903
1903
1906
1907
1901
1916
1917
1909
1895
1904
1906
1903
1900
1808
1908
1909
1884
1903
1879
1863
1831
1904
1919
1904
1904
1889
1910
1905
1909
1894
1903
1919
1900
1933
1795
1920
1897
1905
1906
1898
1909
1907
1896
1906
1917
1904
1918
1908
1919
1865
1899
1904
1901
1914
1909
1905
1914
1899
1911
1903
1904
1902
1901
1905
1907
1893
1906
1909
1904
1906
1891
1891
1898
1897
1907
1904
1894
1905
1946
1911
1895
1904
1907
1899
1904
1910
1904
1894
1903
1904
1918
1898
1910
1904
1915
1907
1911
1901
1901
1861
1935
1927
1909
1904
1905
1899
1905
1787
1903
1904
1911
1911
1915
1743
1905
1903
1895
1888
1887
1862
1889
1911
1899
1910
1888
1891
1846
1869
1826
1923
1905
1890
1898
1911
1910
1893
1906
1899
1919
1921
1903
1905
1905
1904
1859
1841
1839
1837
1900
1909
1901
1905
1919
1904
1909
1906
1887
1924
1905
1909
1904
1854
1843
1845
1918
1903
1917
1902
1913
1900
1830
1914
1904
1907
1879
1898
1929
1911
1870
1899
1920
1914
1899
1891
1926
1904
1879
1904
1915
1904
1846
1899
1803
1909
1904
1871
1877
1862
1904
1829
1807
1911
1896
1904
1916
1919
1905
1882
1897
1898
1909
1872
1887
1878
1892
1869
1882
1865
1867
1858
1905
1905
1920
1898
1913
1908
1908
1913
1895
1911
1912
1906
1902
1899
1888
1886
1904
1913
1902
1892
1888
1841
1849
1901
1903
1886
1837
1821
1835
1905
1895
1899
1902
1899
1911
1916
1904
1909
1891
1910
1903
1903
1907
1841
1844
1817
1904
1914
1899
1903
1904
1856
1904
1903
1907
1911
1904
1906
1919
1919
1917
1898
1915
1904
1890
1894
1910
1915
1889
1889
1902
1902
1887
1909
1953
1910
1914
1906
1898
1909
1891
1906
1920
1908
1895
1904
1899
1846
1903
1886
1899
1920
1911
1897
1915
1824
1904
1916
1894
1911
1905
1845
1904
1905
1899
1921
1901
1910
1909
1724
1904
1886
1879
1899
1907
1895
1882
1843
1903
1882
1821
1909
1916
1907
1869
1915
1902
1921
1904
1921
1900
1904
1901
1905
1907
1891
1906
1905
1915
1831
1907
1906
1907
1922
1913
1915
1898
1898
1911
1910
1917
1909
1913
1949
1895
1821
1834
1815
1911
1955
1910
1904
1905
1900
1904
1890
1907
1737
1910
1909
1899
1898
1903
1904
1887
1905
1898
1917
1920
1914
1900
1909
1851
1825
1840
1834
1835
1904
1920
1901
1921
1910
1904
1895
1901
1915
1735
1904
1914
1904
1902
1902
1909
1876
1903
1911
1898
1891
1893
1934
1911
1920
1899
1907
1914
1904
1900
1909
1914
1900
1893
1904
1901
1882
1883
1898
1906
1904
1888
1882
1872
1897
1914
1897
1908
1903
1910
1907
1938
1909
1894
1883
1846
1857
1858
1911
1904
1906
1907
1887
1895
1892
1895
1889
1909
1909
1895
1913
1914
1871
1913
1872
1905
1892
1895
1911
1898
1915
1895
1897
1892
1903
1882
1869
1910
1836
1907
1909
1915
1895
1906
1915
1904
1914
1901
1910
1904
1904
1904
1913
1842
1853
1907
1907
1905
1901
1908
1910
1890
1881
1875
1892
1887
1907
1890
1899
1875
1870
1847
1860
1902
1882
1898
1887
1921
1904
1894
1870
1910
1917
1903
1904
1904
1906
1913
1821
1924
1867
1865
1856
1907
1909
1821
1905
1895
1887
1876
1913
1907
1904
1905
1897
1903
1905
1899
1901
1926
1904
1856
1833
1836
1841
1897
1904
1885
1917
1922
1904
1917
1918
1907
1905
1905
1904
1903
1904
1911
1906
1905
1893
1881
1904
1891
1889
1911
1907
1904
1904
1901
1917
1914
1911
1921
1902
1900
1904
1902
1911
1914
1910
1902
1908
1913
1904
1910
1890
1879
1919
1903
1900
1905
1899
1904
1910
1906
1899
1830
1842
1819
1899
1920
1866
1903
1904
1898
1900
1909
1906
1909
1901
1851
1838
1853
1839
1911
1875
1910
1921
1919
1914
1872
1878
1907
1892
1934
1902
1902
1910
1931
1914
1899
1792
1909
1902
1903
1904
1895
1901
1877
1903
1907
1917
1904
1897
1935
1898
1917
1893
1904
1901
1898
1919
1758
1907
1913
1903
1907
1892
1840
1883
1819
1859
1862
1859
1911
1889
1913
1910
1904
1910
1920
1910
1899
1922
1916
1926
1909
1917
1913
1899
1901
1825
1902
1822
1902
1904
1892
1873
1917
1886
1839
1837
1837
1838
1872
1904
1860
1907
1914
1920
1898
1909
1909
1920
1889
1894
1903
1901
1905
1904
1900
1911
1904
1900
1895
1902
1799
1906
1901
1915
1898
1895
1916
1893
1901
1914
1883
1887
1901
1883
1909
1821
1909
1903
1915
1910
1915
1893
1906
1914
1916
1904
1917
1911
1872
1898
1918
1920
1897
1904
1901
1895
1887
1907
1902
1920
1891
1904
1898
1918
1765
1911
1895
1903
1887
1920
1899
1911
1907
1902
1916
1904
1893
1899
1918
1919
1910
1913
1919
1910
1904
1904
1905
1869
1840
1903
1907
1905
1911
1911
1893
1917
1897
1906
1908
1904
1904
1910
1915
1899
1902
1903
1891
1913
1909
1914
1904
1914
1902
1916
1899
1904
1874
1890
1902
1900
1817
1863
1930
1899
1906
1920
1915
1819
1905
1902
1902
1895
1919
1904
1894
1823
1907
1915
1904
1905
1904
1910
1912
1693
1915
1897
1905
1895
1911
1911
1920
1904
1907
1907
1904
1904
1904
1905
1930
1911
1911
1899
1907
1903
1936
1918
1872
1868
1873
1883
1919
1892
1921
1899
1904
1909
1908
1917
1750
1917
1902
1909
1915
1915
1920
1871
1739
1898
1857
1854
1936
1901
1904
1932
1911
1902
1904
1904
1909
1914
1915
1904
1910
1915
1911
1917
1922
1910
1882
1922
1915
1901
1919
1899
1869
1910
1913
1902
1904
1919
1904
1911
1905
1901
1872
1901
1907
1925
1749
1915
1888
1883
1889
1895
1840
1847
1760
1905
1919
1910
1891
1902
1906
1856
1918
1907
1919
1907
1915
1919
1923
1909
1911
1914
1917
1903
1907
1887
1911
1906
1915
1915
1907
1913
1909
1917
1892
1906
1906
1905
1894
1904
1925
1912
1895
1891
1911
1915
1904
1909
1904
1895
1901
1902
1904
1904
1914
1898
1905
1895
1894
1914
1907
1891
1911
1878
1904
1911
1908
1904
1904
1901
1926
1915
1901
1905
1904
1904
1905
1839
1907
1922
1895
1890
1915
1907
1901
1898
1899
1913
1909
1916
1911
1915
1918
1901
1906
1911
1899
1904
1904
1913
1907
1910
1898
1919
1898
1919
1901
1925
1916
1894
1878
1907
1918
1913
1904
1904
1920
1911
1895
1878
1911
1910
1909
1917
1847
1907
1914
1897
1895
1899
1857
1852
1911
1904
1903
1904
1911
1904
1910
1909
1904
1899
1905
1917
1907
1898
1909
1922
1930
1907
1905
1906
1909
1915
1913
1917
1919
1904
1903
1915
1903
1908
1907
1893
1899
1904
1901
1913
1907
1883
1797
1909
1855
1852
1909
1882
1914
1915
1907
1903
1890
1904
1920
1904
1908
1907
1908
1917
1910
1904
1916
1901
1905
1904
1906
1904
1891
1897
1885
1920
1911
1897
1911
1905
1875
1910
1904
1897
1909
1918
1911
1911
1914
1915
1906
1914
1891
1911
1910
1899
1902
1907
1904
1895
1909
1904
1906
1887
1882
1905
1903
1904
1896
1891
1914
1906
1830
1843
1818
1839
1904
1903
1903
1899
1903
1909
1915
1909
1909
1838
1901
1895
1924
1915
1899
1899
1913
1904
1898
1919
1909
1901
1904
1899
1911
1910
1910
1899
1926
1909
1909
1920
1878
1887
1872
1873
1793
1879
1917
1871
1920
1910
1903
1886
1906
1936
1906
1910
1910
1893
1915
1901
1908
1903
1859
1858
1872
1903
1906
1871
1899
1838
1840
1821
1826
1919
1909
1926
1898
1902
1904
1911
1907
1910
1906
1910
1915
1895
1909
1931
1822
1919
1911
1917
1904
1911
1904
1914
1761
1907
1906
1923
1910
1903
1789
1904
1901
1913
1915
1905
1905
1926
1905
1904
1914
1907
1904
1904
1907
1899
1922
1911
1898
1899
1905
1915
1905
1906
1904
1904
1890
1922
1905
1840
1911
1901
1906
1918
1917
1908
1921
1905
1915
1912
1903
1923
1899
1901
1893
1903
1904
1895
1889
1918
1857
1918
1911
1903
1917
1894
1904
1879
1913
1905
1909
1909
1903
1904
1916
1906
1910
1904
1914
1904
1911
1905
1910
1901
1843
1903
1914
1898
1901
1891
1913
1907
1846
1843
1840
1825
1906
1910
1875
1889
1877
1840
1827
1901
1798
1909
1897
1904
1903
1898
1908
1904
1915
1897
1905
1914
1890
1899
1907
1891
1857
1854
1905
1909
1898
1916
1913
1903
1923
1907
1914
1911
1901
1894
1901
1919
1914
1905
1903
1895
1904
1907
1907
1907
1917
1914
1898
1903
1903
1903
1904
1904
1909
1920
1929
1899
1896
1908
1907
1906
1906
1920
1874
1917
1899
1895
1851
1919
1907
1879
1913
1917
1905
1901
1920
1895
1890
1904
1837
1859
1846
1834
1904
1909
1913
1919
1899
1919
1898
1888
1911
1904
1873
1893
1895
1882
1911
1899
1917
1894
1906
1907
1906
1895
1936
1909
1926
1904
1904
1902
1900
1903
1841
1916
1915
1912
1899
1911
1817
1915
1915
1907
1916
1911
1904
1835
1916
1915
1889
1899
1906
1901
1904
1932
1917
1902
1895
1904
1913
1895
1907
1898
1903
1900
1904
1899
1904
1899
1914
1908
1904
1909
1883
1902
1883
1907
1916
1902
1904
1905
1907
1897
1919
1897
1838
1908
1899
1910
1935
1893
1898
1909
1911
1903
1904
1906
1744
1899
1895
1900
1907
1910
1905
1870
1840
1855
1895
1908
1915
1899
1902
1851
1904
1903
1857
1871
1850
1904
1914
1910
1877
1831
1841
1881
1901
1873
1915
1903
1897
1904
1893
1889
1877
1911
1904
1904
1904
1905
1903
1908
1910
1908
1882
1907
1905
1904
1776
1899
1856
1843
1850
1915
1892
1830
1909
1906
1904
1872
1872
1938
1948
1883
1915
1911
1916
1885
1879
1889
1893
1921
1893
1906
1895
1908
1904
1900
1914
1872
1918
1907
1894
1920
1865
1909
1905
1906
1904
1903
1902
1906
1945
1902
1857
1885
1900
1904
1905
1908
1915
1915
1917
1916
1889
1896
1899
1894
1840
1842
1916
1904
1915
1871
1909
1894
1887
1878
1870
1873
1904
1904
1905
1907
1909
1904
1908
1905
1909
1899
1911
1904
1904
1922
1899
1891
1855
1905
1904
1908
1919
1929
1883
1909
1857
1858
1901
1905
1920
1919
1910
1908
1902
1897
1917
1910
1899
1919
1904
1891
1894
1847
1906
1925
1904
1919
1915
1918
1901
1904
1918
1895
1885
1858
1891
1911
1835
1904
1906
1904
1878
1871
1853
1879
1908
1899
1909
1903
1917
1919
1904
1907
1872
1915
1913
1907
1907
1915
1909
1911
1903
1913
1905
1891
1916
1923
1903
1917
1893
1895
1905
1910
1907
1901
1887
1905
1915
1919
1887
1892
1905
1879
1744
1902
1913
1918
1911
1903
1901
1904
1891
1835
1828
1838
1907
1904
1904
1897
1904
1914
1916
1897
1915
1897
1906
1905
1907
1913
1904
1913
1947
1899
1903
1893
1913
1909
1933
1908
1863
1837
1842
1904
1895
1908
1903
1907
1906
1915
1917
1906
1899
1905
1916
1903
1911
1869
1874
1875
1856
1885
1914
1907
1833
1906
1933
1901
1906
1920
1909
1907
1910
1910
1903
1913
1902
1904
1904
1901
1891
1867
1910
1802
1909
1902
1904
1873
1857
1891
1915
1897
1897
1911
1907
1904
1899
1905
1901
1910
1911
1902
1917
1918
1889
1894
1923
1905
1910
1915
1905
1883
1899
1918
1910
1890
1911
1878
1915
1901
1904
1914
1901
1911
1910
1904
1900
1913
1904
1915
1899
1895
1911
1900
1904
1898
1900
1879
1867
1886
1872
1902
1818
1827
1833
1911
1911
1904
1897
1909
1903
1914
1913
1900
1903
1893
1899
1916
1919
1891
1908
1911
1890
1905
1905
1917
1892
1901
1837
1904
1840
1835
1843
1842
1899
1898
1913
1925
1903
1906
1904
1902
1906
1903
1899
1917
1906
1901
1909
1919
1899
1902
1909
1905
1904
1903
1904
1904
1903
1906
1907
1920
1920
1883
1901
1899
1913
1904
1905
1903
1897
1911
1879
1907
1885
1867
1871
1904
1887
1859
1904
1914
1904
1917
1907
1947
1903
1901
1911
1910
1901
1915
1902
1904
1915
1895
1915
1887
1874
1866
1922
1926
1910
1911
1915
1911
1908
1914
1883
1917
1904